Date,2020-11-04 09:18:10
Filename,STFCB-20201012-0105-0125_20201104_091605_002.dat
Data Label,정상
Label No,00
Motor Spec,R-PAHU-04S,1760,55,105.3,
Period,1SEC
Sample Rate,2000
RMS,53.05041,52.48648,52.58757,
Data Length,2000,
0,39.083129882812,36.000122070312,-71.785034179688,
0.0005,24.629028320312,48.452270507812,-70.623901367188,
0.001,20.785278320312,51.935668945312,-71.624877929688,
0.0015,4.9698486328125,59.703247070312,-64.417846679688,
0.002,-4.4793701171875,62.906372070312,-59.453002929688,
0.0025,-17.171752929688,68.752075195312,-53.246948242188,
0.003,-33.067260742188,71.875122070312,-40.674682617188,
0.0035,-41.355346679688,77.840942382812,-38.272338867188,
0.004,-50.083862304688,68.872192382812,-20.535034179688,
0.0045,-51.765502929688,67.590942382812,-17.932495117188,
0.005,-61.535034179688,59.943481445312,0.1251220703125,
0.0055,-66.780151367188,54.778442382812,10.535278320312,
0.006,-72.745971679688,48.492309570312,22.947387695312,
0.0065,-73.306518554688,35.159301757812,36.921020507812,
0.007,-72.826049804688,30.594848632812,40.524536132812,
0.0075,-65.939331054688,14.859497070312,49.613403320312,
0.008,-65.659057617188,8.4532470703125,55.218872070312,
0.0085,-61.334838867188,-6.1209716796875,65.388793945312,
0.009,-54.448120117188,-19.494018554688,71.835083007812,
0.0095,-48.882690429688,-28.863159179688,76.079223632812,
0.01,-31.585815429688,-40.754760742188,70.713989257812,
0.0105,-30.264526367188,-42.916870117188,71.955200195312,
0.011,-10.725463867188,-57.651245117188,67.230590820312,
0.0115,-4.1190185546875,-65.178588867188,68.832153320312,
0.012,11.416137695312,-72.425659179688,60.864379882812,
0.0125,22.787231445312,-72.545776367188,49.693481445312,
0.013,31.715942382812,-74.307495117188,42.726684570312,
0.0135,42.726684570312,-70.343627929688,27.271606445312,
0.014,48.812622070312,-73.026245117188,24.028442382812,
0.0145,61.224731445312,-69.102416992188,7.0518798828125,
0.015,65.348754882812,-64.618041992188,-1.3162841796875,
0.0155,67.590942382812,-55.008666992188,-13.167846679688,
0.016,68.431762695312,-42.116088867188,-26.620971679688,
0.0165,73.036254882812,-36.870971679688,-35.109252929688,
0.017,69.312622070312,-19.494018554688,-48.121948242188,
0.0175,71.114379882812,-16.811401367188,-50.644409179688,
0.018,63.106567382812,1.3262939453125,-60.213745117188,
0.0185,57.581176757812,10.615356445312,-62.776245117188,
0.019,49.573364257812,22.747192382812,-67.300659179688,
0.0195,37.641723632812,36.280395507812,-69.943237304688,
0.02,33.117309570312,44.968872070312,-75.788940429688,
0.0205,18.783325195312,53.136840820312,-70.263549804688,
0.021,12.537231445312,55.859497070312,-68.261596679688,
0.0215,-2.0770263671875,61.865356445312,-60.694213867188,
0.022,-14.288940429688,66.670043945312,-54.087768554688,
0.0225,-26.140502929688,73.276489257812,-49.363159179688,
0.023,-40.754760742188,71.915161132812,-33.267456054688,
0.0235,-43.157104492188,72.315551757812,-31.705932617188,
0.024,-52.245971679688,63.546997070312,-13.087768554688,
0.0245,-56.129760742188,62.265747070312,-8.3231201171875,
0.025,-66.019409179688,56.219848632812,8.2930908203125,
0.0255,-71.104370117188,48.652465820312,21.065551757812,
0.026,-75.108276367188,42.446411132812,31.075317382812,
0.0265,-71.104370117188,27.832153320312,41.885864257812,
0.027,-71.464721679688,23.748168945312,45.809692382812,
0.0275,-67.620971679688,7.8526611328125,58.061645507812,
0.028,-66.619995117188,-0.8358154296875,65.348754882812,
0.0285,-60.814331054688,-14.168823242188,72.755981445312,
0.029,-48.882690429688,-27.221557617188,73.997192382812,
0.0295,-42.756713867188,-34.188354492188,75.238403320312,
0.03,-25.579956054688,-44.758666992188,68.591918945312,
0.0305,-22.697143554688,-50.804565429688,72.395629882812,
0.031,-3.4783935546875,-63.657104492188,66.309692382812,
0.0315,5.1300048828125,-68.661987304688,63.106567382812,
0.032,17.542114257812,-70.023315429688,52.376098632812,
0.0325,29.353637695312,-68.661987304688,38.922973632812,
0.033,38.922973632812,-72.545776367188,33.317504882812,
0.0335,50.093872070312,-69.382690429688,18.503051757812,
0.034,57.380981445312,-71.144409179688,13.097778320312,
0.0345,65.669067382812,-64.177612304688,-2.6776123046875,
0.035,68.351684570312,-56.410034179688,-12.767456054688,
0.0355,72.435668945312,-48.682495117188,-23.978393554688,
0.036,73.396606445312,-33.627807617188,-39.153198242188,
0.0365,78.561645507812,-30.544799804688,-45.359252929688,
0.037,72.155395507812,-11.846557617188,-56.570190429688,
0.0375,70.513793945312,-4.0389404296875,-59.092651367188,
0.038,61.464965820312,11.656372070312,-65.859252929688,
0.0385,52.896606445312,22.346801757812,-68.261596679688,
0.039,46.250122070312,32.636840820312,-73.626831054688,
0.0395,32.316528320312,45.088989257812,-74.187377929688,
0.04,27.712036132812,47.451293945312,-73.666870117188,
0.0405,11.976684570312,54.097778320312,-65.859252929688,
0.041,3.7286376953125,57.901489257812,-62.776245117188,
0.0415,-10.164916992188,64.668090820312,-56.610229492188,
0.042,-25.059448242188,70.193481445312,-47.801635742188,
0.0425,-35.029174804688,75.318481445312,-43.277221679688,
0.043,-46.119995117188,68.992309570312,-25.579956054688,
0.0435,-46.400268554688,67.711059570312,-24.338745117188,
0.044,-59.332885742188,61.985473632812,-4.7996826171875,
0.0445,-66.379760742188,61.184692382812,3.0479736328125,
0.045,-73.867065429688,54.418090820312,17.662231445312,
0.0455,-75.428588867188,43.287231445312,30.474731445312,
0.046,-76.029174804688,36.200317382812,37.841918945312,
0.0465,-69.783081054688,21.626098632812,46.450317382812,
0.047,-71.785034179688,16.260864257812,53.417114257812,
0.0475,-67.901245117188,0.4854736328125,65.188598632812,
0.048,-63.376831054688,-9.8846435546875,70.754028320312,
0.0485,-55.288940429688,-21.095581054688,74.077270507812,
0.049,-40.074096679688,-33.467651367188,71.394653320312,
0.0495,-36.070190429688,-38.752807617188,73.156372070312,
0.05,-17.972534179688,-51.525268554688,67.911254882812,
0.0505,-13.528198242188,-59.052612304688,71.594848632812,
0.051,3.8487548828125,-67.901245117188,63.346801757812,
0.0515,13.818481445312,-69.783081054688,55.619262695312,
0.052,24.629028320312,-71.304565429688,46.490356445312,
0.0525,38.362426757812,-71.264526367188,32.396606445312,
0.053,45.849731445312,-74.988159179688,28.953247070312,
0.0535,58.341918945312,-72.465698242188,12.977661132812,
0.054,62.185668945312,-69.022338867188,5.9708251953125,
0.0545,66.269653320312,-59.813354492188,-7.6424560546875,
0.055,69.833129882812,-50.123901367188,-20.374877929688,
0.0555,75.318481445312,-44.158081054688,-30.785034179688,
0.056,74.157348632812,-27.501831054688,-45.279174804688,
0.0565,75.879028320312,-23.898315429688,-47.921752929688,
0.057,67.831176757812,-4.5194091796875,-58.011596679688,
0.0575,63.226684570312,4.7296142578125,-59.212768554688,
0.058,55.619262695312,18.342895507812,-66.019409179688,
0.0585,45.769653320312,29.834106445312,-69.462768554688,
0.059,40.364379882812,39.243286132812,-75.628784179688,
0.0595,25.870239257812,48.412231445312,-71.905151367188,
0.06,20.745239257812,50.254028320312,-70.383666992188,
0.0605,5.0899658203125,58.582153320312,-64.217651367188,
0.061,-5.4403076171875,64.948364257812,-61.454956054688,
0.0615,-19.093627929688,72.836059570312,-56.410034179688,
0.062,-33.627807617188,74.437622070312,-43.597534179688,
0.0625,-40.034057617188,75.718872070312,-38.752807617188,
0.063,-47.921752929688,66.750122070312,-21.536010742188,
0.0635,-51.965698242188,67.430786132812,-18.412963867188,
0.064,-63.817260742188,61.625122070312,0.0850830078125,
0.0645,-70.503784179688,58.021606445312,10.455200195312,
0.065,-72.906127929688,49.132934570312,21.906372070312,
0.0655,-70.543823242188,35.279418945312,33.597778320312,
0.066,-71.825073242188,29.673950195312,40.044067382812,
0.0665,-67.260620117188,15.660278320312,49.813598632812,
0.067,-69.182495117188,9.0938720703125,57.741333007812,
0.0675,-64.057495117188,-5.9608154296875,67.590942382812,
0.068,-56.129760742188,-17.331909179688,71.074340820312,
0.0685,-48.442260742188,-27.141479492188,73.396606445312,
0.069,-32.867065429688,-40.674682617188,71.594848632812,
0.0695,-30.785034179688,-46.400268554688,75.798950195312,
0.07,-11.926635742188,-61.294799804688,71.955200195312,
0.0705,-5.1600341796875,-66.459838867188,70.954223632812,
0.071,9.6944580078125,-71.104370117188,61.104614257812,
0.0715,21.185668945312,-70.984252929688,49.653442382812,
0.072,32.156372070312,-75.508666992188,43.127075195312,
0.0725,45.489379882812,-74.627807617188,28.432739257812,
0.073,51.094848632812,-75.628784179688,24.028442382812,
0.0735,60.784301757812,-69.342651367188,7.4923095703125,
0.074,63.506958007812,-63.016479492188,-1.3162841796875,
0.0745,67.951293945312,-54.768432617188,-14.048706054688,
0.075,72.315551757812,-43.317260742188,-29.183471679688,
0.0755,78.401489257812,-38.072143554688,-39.033081054688,
0.076,72.515747070312,-21.015502929688,-49.283081054688,
0.0765,71.915161132812,-15.289916992188,-51.965698242188,
0.077,64.307739257812,2.8878173828125,-61.895385742188,
0.0775,59.903442382812,13.418090820312,-66.619995117188,
0.078,52.816528320312,26.030395507812,-73.186401367188,
0.0785,41.125122070312,39.283325195312,-76.269409179688,
0.079,34.558715820312,45.209106445312,-77.350463867188,
0.0795,19.383911132812,51.214965820312,-69.182495117188,
0.08,12.457153320312,56.339965820312,-68.982299804688,
0.0805,-3.5184326171875,65.228637695312,-63.016479492188,
0.081,-15.970581054688,71.714965820312,-57.971557617188,
0.0815,-28.102416992188,76.479614257812,-50.924682617188,
0.082,-40.434448242188,72.355590820312,-34.468627929688,
0.0825,-43.517456054688,71.394653320312,-30.825073242188,
0.083,-54.328002929688,64.547973632812,-12.487182617188,
0.0835,-61.414916992188,65.829223632812,-6.8416748046875,
0.084,-71.104370117188,59.062622070312,10.415161132812,
0.0845,-74.027221679688,50.614379882812,21.826293945312,
0.085,-74.948120117188,41.805786132812,31.515747070312,
0.0855,-71.744995117188,27.511840820312,42.766723632812,
0.086,-74.187377929688,22.787231445312,49.373168945312,
0.0865,-72.105346679688,7.0518798828125,63.066528320312,
0.087,-69.662963867188,-1.6766357421875,68.992309570312,
0.0875,-61.014526367188,-14.409057617188,73.076293945312,
0.088,-49.203002929688,-27.021362304688,73.997192382812,
0.0885,-42.636596679688,-36.190307617188,77.240356445312,
0.089,-26.661010742188,-47.961791992188,72.796020507812,
0.0895,-22.496948242188,-54.528198242188,76.199340820312,
0.09,-4.3992919921875,-64.858276367188,68.471801757812,
0.0905,4.2091064453125,-66.339721679688,61.785278320312,
0.091,17.341918945312,-70.023315429688,52.536254882812,
0.0915,31.395629882812,-71.785034179688,40.164184570312,
0.092,42.086059570312,-77.230346679688,34.879028320312,
0.0925,52.696411132812,-73.867065429688,20.344848632812,
0.093,57.380981445312,-71.945190429688,13.938598632812,
0.0935,64.387817382812,-64.057495117188,-1.5565185546875,
0.094,69.512817382812,-57.771362304688,-12.647338867188,
0.0945,77.160278320312,-51.685424804688,-25.660034179688,
0.095,78.801879882812,-37.431518554688,-40.834838867188,
0.0955,80.843872070312,-32.546752929688,-45.679565429688,
0.096,72.195434570312,-14.729370117188,-54.328002929688,
0.0965,70.273559570312,-7.4422607421875,-57.290893554688,
0.097,62.706176757812,9.6143798828125,-66.539916992188,
0.0975,56.780395507812,21.826293945312,-72.705932617188,
0.098,48.412231445312,32.316528320312,-75.949096679688,
0.0985,33.557739257812,43.046997070312,-73.106323242188,
0.099,27.511840820312,46.330200195312,-71.905151367188,
0.0995,11.896606445312,54.257934570312,-65.338745117188,
0.1,3.5684814453125,61.104614257812,-65.338745117188,
0.1005,-11.526245117188,69.272583007812,-59.453002929688,
0.101,-24.538940429688,73.036254882812,-50.684448242188,
0.1015,-33.828002929688,74.597778320312,-43.357299804688,
0.102,-45.359252929688,69.672973632812,-26.620971679688,
0.1025,-48.682495117188,70.593872070312,-24.619018554688,
0.103,-63.136596679688,66.910278320312,-5.5203857421875,
0.1035,-70.223510742188,65.869262695312,2.5675048828125,
0.104,-74.347534179688,56.660278320312,16.380981445312,
0.1045,-72.906127929688,44.007934570312,27.591918945312,
0.105,-75.588745117188,37.041137695312,36.840942382812,
0.1055,-72.866088867188,23.267700195312,48.131958007812,
0.106,-75.468627929688,17.181762695312,56.219848632812,
0.1065,-70.904174804688,2.1270751953125,66.750122070312,
0.107,-63.536987304688,-7.8026123046875,68.912231445312,
0.1075,-55.088745117188,-18.933471679688,71.594848632812,
0.108,-41.515502929688,-33.267456054688,72.635864257812,
0.1085,-37.471557617188,-41.675659179688,77.921020507812,
0.109,-20.575073242188,-54.127807617188,73.276489257812,
0.1095,-15.009643554688,-59.252807617188,73.396606445312,
0.11,1.6065673828125,-66.339721679688,64.147583007812,
0.1105,12.497192382812,-69.342651367188,56.660278320312,
0.111,24.949340820312,-73.947143554688,48.932739257812,
0.1115,40.284301757812,-76.709838867188,35.880004882812,
0.112,46.730590820312,-78.631713867188,31.195434570312,
0.1125,55.579223632812,-72.305541992188,15.219848632812,
0.113,60.103637695312,-68.822143554688,7.7325439453125,
0.1135,66.750122070312,-61.374877929688,-6.6815185546875,
0.114,73.276489257812,-54.087768554688,-20.134643554688,
0.1145,79.402465820312,-47.681518554688,-31.545776367188,
0.115,76.199340820312,-31.145385742188,-44.037963867188,
0.1155,74.477661132812,-26.500854492188,-45.199096679688,
0.116,66.309692382812,-8.6834716796875,-53.807495117188,
0.1165,65.428833007812,0.3653564453125,-59.453002929688,
0.117,58.782348632812,15.980590820312,-68.581909179688,
0.1175,50.053833007812,27.992309570312,-72.465698242188,
0.118,42.126098632812,37.041137695312,-74.868041992188,
0.1185,27.391723632812,46.089965820312,-70.383666992188,
0.119,21.666137695312,51.094848632812,-71.344604492188,
0.1195,6.3311767578125,62.105590820312,-68.101440429688,
0.12,-4.3592529296875,69.112426757812,-65.739135742188,
0.1205,-17.131713867188,74.277465820312,-58.892456054688,
0.121,-30.144409179688,73.436645507812,-45.359252929688,
0.1215,-37.311401367188,74.117309570312,-39.273315429688,
0.122,-48.402221679688,68.872192382812,-22.617065429688,
0.1225,-54.968627929688,71.474731445312,-18.893432617188,
0.123,-66.259643554688,65.629028320312,-0.9959716796875,
0.1235,-69.262573242188,59.102661132812,8.5733642578125,
0.124,-70.583862304688,49.333129882812,19.824340820312,
0.1245,-69.863159179688,35.920043945312,32.516723632812,
0.125,-74.107299804688,30.755004882812,41.565551757812,
0.1255,-72.265502929688,17.862426757812,52.816528320312,
0.126,-71.584838867188,10.214965820312,59.142700195312,
0.1265,-64.738159179688,-3.4783935546875,65.989379882812,
0.127,-56.129760742188,-15.530151367188,69.272583007812,
0.1275,-49.963745117188,-26.701049804688,74.517700195312,
0.128,-35.349487304688,-41.835815429688,75.278442382812,
0.1285,-32.746948242188,-47.961791992188,79.882934570312,
0.129,-14.208862304688,-59.533081054688,72.475708007812,
0.1295,-7.7625732421875,-62.215698242188,69.432739257812,
0.13,8.1329345703125,-68.541870117188,60.063598632812,
0.1305,20.825317382812,-72.385620117188,51.415161132812,
0.131,33.157348632812,-77.911010742188,44.368286132812,
0.1315,44.928833007812,-76.269409179688,30.594848632812,
0.132,48.652465820312,-73.786987304688,24.388793945312,
0.1325,56.580200195312,-66.579956054688,8.4532470703125,
0.133,62.626098632812,-63.216674804688,-0.7957763671875,
0.1335,69.793090820312,-56.530151367188,-14.609252929688,
0.134,75.278442382812,-46.840698242188,-29.183471679688,
0.1345,78.721801757812,-39.833862304688,-38.112182617188,
0.135,72.075317382812,-23.097534179688,-47.441284179688,
0.1355,70.954223632812,-18.853393554688,-48.562377929688,
0.136,65.949340820312,-0.5155029296875,-61.014526367188,
0.1365,64.187622070312,10.214965820312,-68.341674804688,
0.137,56.059692382812,23.027465820312,-73.546752929688,
0.1375,43.647583007812,34.238403320312,-73.066284179688,
0.138,35.920043945312,41.605590820312,-74.227416992188,
0.1385,22.146606445312,49.773559570312,-69.662963867188,
0.139,14.779418945312,56.660278320312,-70.744018554688,
0.1395,0.2452392578125,66.469848632812,-66.980346679688,
0.14,-11.526245117188,69.753051757812,-59.533081054688,
0.1405,-21.816284179688,71.634887695312,-51.765502929688,
0.141,-35.269409179688,69.272583007812,-36.030151367188,
0.1415,-41.915893554688,72.355590820312,-32.706909179688,
0.142,-54.528198242188,68.471801757812,-15.770385742188,
0.1425,-61.374877929688,69.592895507812,-10.244995117188,
0.143,-67.901245117188,61.304809570312,5.2501220703125,
0.1435,-69.262573242188,51.935668945312,15.940551757812,
0.144,-72.986206054688,44.648559570312,26.911254882812,
0.1445,-74.627807617188,32.276489257812,41.045043945312,
0.145,-77.230346679688,27.832153320312,47.611450195312,
0.1455,-73.546752929688,13.938598632812,57.901489257812,
0.146,-68.942260742188,5.1700439453125,61.505004882812,
0.1465,-60.413940429688,-7.2420654296875,65.508911132812,
0.147,-51.565307617188,-21.135620117188,70.473754882812,
0.1475,-46.240112304688,-32.346557617188,76.839965820312,
0.148,-30.865112304688,-44.918823242188,73.957153320312,
0.1485,-27.782104492188,-46.960815429688,73.516723632812,
0.149,-10.204956054688,-55.809448242188,65.028442382812,
0.1495,-2.0770263671875,-59.973510742188,61.665161132812,
0.15,12.857543945312,-67.060424804688,54.097778320312,
0.1505,26.711059570312,-71.825073242188,44.928833007812,
0.151,37.281372070312,-75.748901367188,38.402465820312,
0.1515,45.809692382812,-71.024291992188,24.588989257812,
0.152,49.733520507812,-69.222534179688,19.023559570312,
0.1525,59.503051757812,-64.738159179688,4.0889892578125,
0.153,67.671020507812,-61.494995117188,-7.2020263671875,
0.1535,76.039184570312,-56.369995117188,-20.374877929688,
0.154,75.598754882812,-42.316284179688,-33.387573242188,
0.1545,76.399536132812,-36.270385742188,-39.073120117188,
0.155,69.632934570312,-20.494995117188,-47.641479492188,
0.1555,70.513793945312,-14.849487304688,-52.686401367188,
0.156,65.829223632812,1.9669189453125,-64.177612304688,
0.1565,59.863403320312,13.578247070312,-69.182495117188,
0.157,50.734497070312,23.387817382812,-70.183471679688,
0.1575,36.640747070312,34.398559570312,-67.580932617188,
0.158,30.474731445312,42.126098632812,-69.863159179688,
0.1585,17.942504882812,50.934692382812,-67.500854492188,
0.159,9.2940673828125,58.421997070312,-67.140502929688,
0.1595,-3.8787841796875,65.028442382812,-61.334838867188,
0.16,-16.771362304688,67.270629882812,-51.645385742188,
0.1605,-26.460815429688,70.273559570312,-45.439331054688,
0.161,-40.954956054688,69.592895507812,-30.064331054688,
0.1615,-46.960815429688,73.476684570312,-28.342651367188,
0.162,-57.090698242188,67.751098632812,-11.846557617188,
0.1625,-61.535034179688,64.828247070312,-4.7596435546875,
0.163,-66.179565429688,55.739379882812,9.3741455078125,
0.1635,-68.501831054688,45.929809570312,21.586059570312,
0.164,-74.107299804688,39.843872070312,32.997192382812,
0.1645,-74.067260742188,28.072387695312,44.848754882812,
0.165,-73.306518554688,22.306762695312,49.253051757812,
0.1655,-66.780151367188,8.5733642578125,56.540161132812,
0.166,-61.895385742188,-1.3162841796875,61.184692382812,
0.1665,-55.729370117188,-13.648315429688,67.270629882812,
0.167,-45.359252929688,-29.023315429688,72.195434570312,
0.1675,-40.514526367188,-38.912963867188,78.361450195312,
0.168,-25.419799804688,-46.840698242188,70.754028320312,
0.1685,-20.615112304688,-50.043823242188,69.793090820312,
0.169,-3.7186279296875,-60.614135742188,63.546997070312,
0.1695,7.5323486328125,-67.661010742188,60.063598632812,
0.17,20.785278320312,-73.867065429688,53.056762695312,
0.1705,34.198364257812,-75.388549804688,40.964965820312,
0.171,40.924926757812,-74.948120117188,33.958129882812,
0.1715,47.571411132812,-68.702026367188,20.545043945312,
0.172,54.738403320312,-68.221557617188,12.817504882812,
0.1725,65.028442382812,-64.618041992188,-1.7166748046875,
0.173,71.154418945312,-57.330932617188,-14.849487304688,
0.1735,74.717895507812,-50.284057617188,-24.859252929688,
0.174,70.954223632812,-33.828002929688,-37.071166992188,
0.1745,71.554809570312,-29.303588867188,-41.035034179688,
0.175,67.390747070312,-12.967651367188,-52.286010742188,
0.1755,68.071411132812,-5.4403076171875,-59.533081054688,
0.176,61.464965820312,9.3741455078125,-67.060424804688,
0.1765,51.335083007812,20.464965820312,-67.901245117188,
0.177,43.807739257812,30.154418945312,-70.503784179688,
0.1775,30.634887695312,42.326293945312,-69.983276367188,
0.178,25.630004882812,48.852661132812,-72.705932617188,
0.1785,12.136840820312,59.182739257812,-70.183471679688,
0.179,2.1671142578125,64.027465820312,-66.139526367188,
0.1795,-9.6444091796875,66.309692382812,-57.411010742188,
0.18,-23.578002929688,68.912231445312,-46.600463867188,
0.1805,-33.747924804688,73.396606445312,-41.315307617188,
0.181,-46.160034179688,70.914184570312,-26.060424804688,
0.1815,-49.443237304688,71.194458007812,-23.457885742188,
0.182,-57.611206054688,63.066528320312,-6.6014404296875,
0.1825,-60.053588867188,57.020629882812,1.7667236328125,
0.183,-65.058471679688,49.052856445312,15.059692382812,
0.1835,-69.182495117188,39.203247070312,29.113403320312,
0.184,-74.347534179688,33.277465820312,39.683715820312,
0.1845,-70.784057617188,21.626098632812,47.891723632812,
0.185,-68.661987304688,14.218872070312,52.696411132812,
0.1855,-62.616088867188,1.0860595703125,59.903442382812,
0.186,-57.691284179688,-11.245971679688,66.950317382812,
0.1865,-53.206909179688,-24.218627929688,75.678833007812,
0.187,-39.713745117188,-37.952026367188,75.999145507812,
0.1875,-35.509643554688,-41.795776367188,76.199340820312,
0.188,-19.534057617188,-50.203979492188,68.591918945312,
0.1885,-12.647338867188,-55.409057617188,67.590942382812,
0.189,3.4884033203125,-65.699096679688,61.905395507812,
0.1895,16.621215820312,-71.464721679688,54.978637695312,
0.19,27.031372070312,-73.987182617188,47.251098632812,
0.1905,37.841918945312,-70.904174804688,32.716918945312,
0.191,42.566528320312,-69.542846679688,27.191528320312,
0.1915,52.055786132812,-66.179565429688,13.378051757812,
0.192,60.624145507812,-65.098510742188,3.7286376953125,
0.1925,68.712036132812,-60.293823242188,-9.4842529296875,
0.193,71.114379882812,-49.403198242188,-22.416870117188,
0.1935,72.355590820312,-42.036010742188,-30.264526367188,
0.194,69.672973632812,-26.260620117188,-42.796752929688,
0.1945,71.995239257812,-22.937377929688,-47.120971679688,
0.195,69.112426757812,-5.9207763671875,-60.534057617188,
0.1955,66.349731445312,3.4483642578125,-66.059448242188,
0.196,56.820434570312,15.380004882812,-68.421752929688,
0.1965,44.848754882812,26.510864257812,-67.701049804688,
0.197,37.801879882812,36.760864257812,-71.825073242188,
0.1975,25.790161132812,47.491333007812,-71.024291992188,
0.198,19.343872070312,53.457153320312,-71.704956054688,
0.1985,5.6104736328125,60.343872070312,-65.699096679688,
0.199,-5.0799560546875,63.066528320312,-58.732299804688,
0.1995,-16.731323242188,66.670043945312,-51.244995117188,
0.2,-31.585815429688,68.792114257812,-38.672729492188,
0.2005,-41.435424804688,74.357543945312,-34.869018554688,
0.201,-50.564331054688,69.192504882812,-20.054565429688,
0.2015,-54.247924804688,67.751098632812,-15.209838867188,
0.202,-61.695190429688,60.063598632812,0.6055908203125,
0.2025,-66.980346679688,53.857543945312,12.016723632812,
0.203,-73.026245117188,47.371215820312,24.588989257812,
0.2035,-76.309448242188,36.360473632812,38.922973632812,
0.204,-75.869018554688,30.354614257812,44.047973632812,
0.2045,-70.303588867188,17.502075195312,51.415161132812,
0.205,-67.140502929688,8.3331298828125,56.900512695312,
0.2055,-62.135620117188,-4.5594482421875,64.748168945312,
0.206,-54.448120117188,-19.093627929688,71.554809570312,
0.2065,-48.842651367188,-29.663940429688,76.920043945312,
0.207,-33.147338867188,-40.674682617188,72.115356445312,
0.2075,-29.183471679688,-42.436401367188,70.553833007812,
0.208,-12.407104492188,-54.127807617188,65.548950195312,
0.2085,-3.4783935546875,-61.254760742188,64.347778320312,
0.209,11.175903320312,-69.382690429688,58.221801757812,
0.2095,24.028442382812,-71.825073242188,47.891723632812,
0.21,33.277465820312,-73.226440429688,40.284301757812,
0.2105,42.846801757812,-70.023315429688,26.871215820312,
0.211,49.533325195312,-70.583862304688,20.985473632812,
0.2115,61.424926757812,-68.661987304688,6.6514892578125,
0.212,68.471801757812,-64.497924804688,-4.3592529296875,
0.2125,72.435668945312,-56.970581054688,-16.010620117188,
0.213,72.195434570312,-43.517456054688,-28.823120117188,
0.2135,74.317504882812,-36.710815429688,-36.670776367188,
0.214,70.754028320312,-21.976440429688,-47.401245117188,
0.2145,73.156372070312,-16.170776367188,-54.287963867188,
0.215,66.309692382812,-0.5955810546875,-62.616088867188,
0.2155,59.222778320312,9.6544189453125,-64.978393554688,
0.216,50.013793945312,20.625122070312,-66.980346679688,
0.2165,38.042114257812,33.277465820312,-68.141479492188,
0.217,31.635864257812,43.407348632812,-72.786010742188,
0.2175,20.024536132812,51.655395507812,-70.183471679688,
0.218,11.456176757812,56.820434570312,-67.981323242188,
0.2185,-1.6365966796875,61.785278320312,-60.814331054688,
0.219,-14.609252929688,66.830200195312,-53.607299804688,
0.2195,-26.821166992188,73.076293945312,-47.961791992188,
0.22,-41.715698242188,74.157348632812,-34.068237304688,
0.2205,-46.920776367188,75.638793945312,-30.704956054688,
0.221,-53.967651367188,67.911254882812,-15.329956054688,
0.2215,-57.811401367188,64.067504882812,-7.9627685546875,
0.222,-65.498901367188,57.541137695312,6.9317626953125,
0.2225,-70.103393554688,48.772583007812,20.224731445312,
0.223,-75.588745117188,42.646606445312,31.715942382812,
0.2235,-73.386596679688,29.914184570312,42.366333007812,
0.224,-71.104370117188,23.187622070312,46.170043945312,
0.2245,-66.619995117188,9.9346923828125,55.098754882812,
0.225,-63.416870117188,-0.7156982421875,62.065551757812,
0.2255,-58.452026367188,-13.448120117188,69.833129882812,
0.226,-47.801635742188,-27.581909179688,73.396606445312,
0.2265,-41.115112304688,-35.629760742188,75.318481445312,
0.227,-26.420776367188,-44.718627929688,69.592895507812,
0.2275,-20.935424804688,-50.844604492188,70.994262695312,
0.228,-4.7196044921875,-62.696166992188,66.670043945312,
0.2285,6.6915283203125,-70.183471679688,63.426879882812,
0.229,18.623168945312,-72.906127929688,54.458129882812,
0.2295,30.354614257812,-71.664916992188,41.365356445312,
0.23,39.403442382812,-73.386596679688,34.278442382812,
0.2305,48.412231445312,-70.503784179688,21.786254882812,
0.231,57.100708007812,-71.144409179688,14.018676757812,
0.2315,65.348754882812,-65.699096679688,-0.1951904296875,
0.232,68.391723632812,-57.330932617188,-11.406127929688,
0.2325,70.193481445312,-48.322143554688,-21.936401367188,
0.233,70.153442382812,-33.948120117188,-35.749877929688,
0.2335,73.636840820312,-28.903198242188,-42.876831054688,
0.234,69.953247070312,-14.208862304688,-53.967651367188,
0.2345,68.712036132812,-6.0408935546875,-59.292846679688,
0.235,60.023559570312,8.2930908203125,-64.537963867188,
0.2355,50.734497070312,19.704223632812,-66.660034179688,
0.236,43.807739257812,31.475708007812,-72.145385742188,
0.2365,32.196411132812,44.848754882812,-74.387573242188,
0.237,26.030395507812,50.254028320312,-74.948120117188,
0.2375,12.977661132812,57.140747070312,-69.542846679688,
0.238,2.6876220703125,60.984497070312,-64.217651367188,
0.2385,-9.9647216796875,65.789184570312,-57.170776367188,
0.239,-25.099487304688,71.034301757812,-47.721557617188,
0.2395,-36.430541992188,76.799926757812,-42.436401367188,
0.24,-46.440307617188,71.995239257812,-27.261596679688,
0.2405,-47.281127929688,68.311645507812,-23.217651367188,
0.241,-56.890502929688,62.105590820312,-6.7215576171875,
0.2415,-62.656127929688,57.941528320312,3.2481689453125,
0.242,-70.223510742188,51.895629882812,17.141723632812,
0.2425,-74.347534179688,41.805786132812,31.395629882812,
0.243,-75.388549804688,34.238403320312,39.723754882812,
0.2435,-70.103393554688,22.066528320312,46.810668945312,
0.244,-69.502807617188,13.978637695312,53.777465820312,
0.2445,-66.539916992188,0.4053955078125,64.347778320312,
0.245,-62.175659179688,-12.206909179688,72.315551757812,
0.2455,-55.809448242188,-24.218627929688,78.601684570312,
0.246,-41.115112304688,-35.869995117188,75.158325195312,
0.2465,-35.189331054688,-40.474487304688,74.357543945312,
0.247,-19.894409179688,-50.844604492188,69.552856445312,
0.2475,-12.447143554688,-59.573120117188,71.434692382812,
0.248,3.5284423828125,-68.902221679688,64.988403320312,
0.2485,15.219848632812,-71.985229492188,56.820434570312,
0.249,25.309692382812,-71.744995117188,46.610473632812,
0.2495,37.121215820312,-70.143432617188,32.917114257812,
0.25,44.888793945312,-71.785034179688,27.031372070312,
0.2505,56.099731445312,-70.503784179688,13.818481445312,
0.251,63.346801757812,-68.101440429688,4.4893798828125,
0.2515,67.630981445312,-60.053588867188,-8.1629638671875,
0.252,70.153442382812,-49.683471679688,-20.695190429688,
0.2525,73.877075195312,-42.236206054688,-31.065307617188,
0.253,74.157348632812,-28.142456054688,-44.998901367188,
0.2535,76.519653320312,-23.417846679688,-50.564331054688,
0.254,71.194458007812,-7.4822998046875,-60.614135742188,
0.2545,65.188598632812,1.8067626953125,-62.776245117188,
0.255,56.580200195312,14.739379882812,-66.980346679688,
0.2555,45.929809570312,27.511840820312,-69.462768554688,
0.256,39.283325195312,38.922973632812,-75.468627929688,
0.2565,27.391723632812,48.972778320312,-74.227416992188,
0.257,19.704223632812,52.015747070312,-70.984252929688,
0.2575,6.5313720703125,57.781372070312,-64.417846679688,
0.258,-5.2401123046875,62.746215820312,-58.732299804688,
0.2585,-17.972534179688,69.552856445312,-53.447143554688,
0.259,-33.467651367188,73.236450195312,-41.755737304688,
0.2595,-42.156127929688,76.199340820312,-36.190307617188,
0.26,-48.722534179688,68.671997070312,-21.736206054688,
0.2605,-52.966674804688,66.750122070312,-15.970581054688,
0.261,-63.056518554688,61.665161132812,0.0850830078125,
0.2615,-70.984252929688,57.180786132812,12.497192382812,
0.262,-75.548706054688,49.773559570312,24.548950195312,
0.2625,-75.388549804688,37.441528320312,36.800903320312,
0.263,-73.786987304688,30.114379882812,42.166137695312,
0.2635,-69.983276367188,17.622192382812,50.974731445312,
0.264,-69.262573242188,8.0928955078125,59.302856445312,
0.2645,-65.098510742188,-4.9598388671875,67.991333007812,
0.265,-57.090698242188,-17.932495117188,72.796020507812,
0.2655,-49.002807617188,-27.341674804688,74.437622070312,
0.266,-34.028198242188,-38.953002929688,71.154418945312,
0.2665,-29.463745117188,-43.757690429688,72.075317382812,
0.267,-13.247924804688,-57.050659179688,69.312622070312,
0.2675,-4.3192138671875,-65.138549804688,69.032348632812,
0.268,9.8145751953125,-70.183471679688,60.343872070312,
0.2685,21.225708007812,-70.343627929688,49.213012695312,
0.269,32.556762695312,-73.666870117188,41.325317382812,
0.2695,44.448364257812,-73.746948242188,29.113403320312,
0.27,52.696411132812,-75.068237304688,22.306762695312,
0.2705,63.146606445312,-72.465698242188,8.6534423828125,
0.271,67.110473632812,-65.178588867188,-2.3172607421875,
0.2715,70.073364257812,-56.770385742188,-13.648315429688,
0.272,72.916137695312,-44.558471679688,-28.382690429688,
0.2725,77.921020507812,-37.992065429688,-38.672729492188,
0.273,74.517700195312,-23.257690429688,-49.283081054688,
0.2735,73.356567382812,-16.010620117188,-53.727416992188,
0.274,65.629028320312,-0.5155029296875,-61.014526367188,
0.2745,58.502075195312,10.735473632812,-64.097534179688,
0.275,50.774536132812,23.147583007812,-69.182495117188,
0.2755,39.843872070312,36.800903320312,-72.745971679688,
0.276,31.956176757812,45.809692382812,-75.508666992188,
0.2765,20.464965820312,51.775512695312,-70.423706054688,
0.277,10.575317382812,57.260864257812,-67.861206054688,
0.2775,-2.5574951171875,64.187622070312,-62.656127929688,
0.278,-16.651245117188,71.234497070312,-56.329956054688,
0.2785,-29.183471679688,77.961059570312,-50.684448242188,
0.279,-41.955932617188,75.758911132812,-35.829956054688,
0.2795,-45.919799804688,74.157348632812,-30.865112304688,
0.28,-54.127807617188,67.550903320312,-15.249877929688,
0.2805,-61.414916992188,66.549926757812,-7.0819091796875,
0.281,-70.103393554688,60.063598632812,8.6934814453125,
0.2815,-74.307495117188,51.695434570312,21.305786132812,
0.282,-75.308471679688,42.206176757812,31.595825195312,
0.2825,-71.624877929688,29.433715820312,40.844848632812,
0.283,-71.184448242188,21.626098632812,47.691528320312,
0.2835,-69.582885742188,8.6934814453125,59.102661132812,
0.284,-66.820190429688,-2.5975341796875,67.190551757812,
0.2845,-59.853393554688,-14.769409179688,72.235473632812,
0.285,-48.202026367188,-27.702026367188,73.676879882812,
0.2855,-40.514526367188,-36.710815429688,75.558715820312,
0.286,-26.620971679688,-47.281127929688,72.195434570312,
0.2865,-20.254760742188,-56.129760742188,75.438598632812,
0.287,-4.1990966796875,-66.820190429688,70.313598632812,
0.2875,6.4112548828125,-70.303588867188,63.667114257812,
0.288,18.703247070312,-72.345581054688,53.617309570312,
0.2885,31.715942382812,-73.146362304688,41.165161132812,
0.289,42.566528320312,-76.469604492188,33.757934570312,
0.2895,52.255981445312,-75.028198242188,21.946411132812,
0.29,59.142700195312,-72.065307617188,12.497192382812,
0.2905,64.588012695312,-65.338745117188,-0.4354248046875,
0.291,68.391723632812,-56.129760742188,-12.967651367188,
0.2915,73.877075195312,-49.323120117188,-24.699096679688,
0.292,75.959106445312,-35.189331054688,-40.074096679688,
0.2925,78.601684570312,-29.463745117188,-46.760620117188,
0.293,71.995239257812,-13.728393554688,-54.768432617188,
0.2935,68.351684570312,-4.1190185546875,-58.371948242188,
0.294,61.344848632812,10.975708007812,-66.019409179688,
0.2945,54.177856445312,23.708129882812,-71.905151367188,
0.295,46.890747070312,35.159301757812,-77.510620117188,
0.2955,34.838989257812,46.089965820312,-77.710815429688,
0.296,26.430786132812,49.373168945312,-74.107299804688,
0.2965,13.738403320312,54.578247070312,-67.941284179688,
0.297,2.5274658203125,61.745239257812,-65.338745117188,
0.2975,-10.885620117188,69.032348632812,-60.013549804688,
0.298,-25.619995117188,74.317504882812,-51.124877929688,
0.2985,-35.589721679688,76.239379882812,-43.397338867188,
0.299,-44.838745117188,70.153442382812,-27.862182617188,
0.2995,-47.481323242188,67.751098632812,-23.217651367188,
0.3,-59.453002929688,63.947387695312,-6.5213623046875,
0.3005,-67.821166992188,62.305786132812,3.4483642578125,
0.301,-73.226440429688,54.418090820312,17.301879882812,
0.3015,-73.546752929688,43.247192382812,28.833129882812,
0.302,-74.467651367188,34.318481445312,38.322387695312,
0.3025,-72.265502929688,23.307739257812,47.451293945312,
0.303,-73.827026367188,14.258911132812,57.501098632812,
0.3035,-72.345581054688,1.5264892578125,68.671997070312,
0.304,-64.858276367188,-10.525268554688,72.956176757812,
0.3045,-56.329956054688,-21.015502929688,75.078247070312,
0.305,-42.356323242188,-34.228393554688,74.397583007812,
0.3055,-36.550659179688,-41.915893554688,77.160278320312,
0.306,-22.056518554688,-53.807495117188,74.397583007812,
0.3065,-13.728393554688,-61.695190429688,74.637817382812,
0.307,0.9659423828125,-67.500854492188,66.029418945312,
0.3075,12.537231445312,-68.742065429688,56.059692382812,
0.308,24.028442382812,-71.144409179688,47.130981445312,
0.3085,38.242309570312,-73.346557617188,34.638793945312,
0.309,47.050903320312,-75.228393554688,27.912231445312,
0.3095,56.420043945312,-72.786010742188,15.339965820312,
0.31,61.545043945312,-67.260620117188,4.9698486328125,
0.3105,65.789184570312,-59.813354492188,-7.2020263671875,
0.311,71.875122070312,-50.964721679688,-21.536010742188,
0.3115,78.721801757812,-44.758666992188,-33.507690429688,
0.312,78.001098632812,-30.424682617188,-46.400268554688,
0.3125,76.439575195312,-23.778198242188,-49.323120117188,
0.313,69.873168945312,-7.3621826171875,-57.811401367188,
0.3135,65.468872070312,3.6485595703125,-61.935424804688,
0.314,58.462036132812,17.582153320312,-69.222534179688,
0.3145,49.773559570312,30.074340820312,-74.067260742188,
0.315,41.285278320312,39.723754882812,-77.190307617188,
0.3155,29.073364257812,46.650512695312,-72.986206054688,
0.316,20.304809570312,50.694458007812,-69.983276367188,
0.3165,7.4122314453125,58.141723632812,-65.819213867188,
0.317,-5.0799560546875,66.349731445312,-62.776245117188,
0.3175,-18.292846679688,73.396606445312,-57.370971679688,
0.318,-31.826049804688,74.437622070312,-45.038940429688,
0.3185,-39.753784179688,74.477661132812,-37.591674804688,
0.319,-48.362182617188,69.312622070312,-23.297729492188,
0.3195,-55.689331054688,69.993286132812,-16.971557617188,
0.32,-67.420776367188,66.309692382812,-0.7557373046875,
0.3205,-73.586791992188,60.784301757812,11.015747070312,
0.321,-74.507690429688,50.734497070312,21.866333007812,
0.3215,-73.026245117188,37.962036132812,33.517700195312,
0.322,-73.867065429688,29.954223632812,42.005981445312,
0.3225,-73.266479492188,18.543090820312,52.896606445312,
0.323,-72.105346679688,7.9727783203125,61.825317382812,
0.3235,-66.619995117188,-3.8387451171875,68.071411132812,
0.324,-56.410034179688,-16.370971679688,70.273559570312,
0.3245,-48.642456054688,-26.260620117188,72.635864257812,
0.325,-34.468627929688,-40.074096679688,72.435668945312,
0.3255,-29.463745117188,-47.241088867188,75.238403320312,
0.326,-15.249877929688,-57.010620117188,70.834106445312,
0.3265,-5.7606201171875,-62.656127929688,67.871215820312,
0.327,8.1329345703125,-67.781127929688,59.382934570312,
0.3275,20.945434570312,-70.343627929688,49.293090820312,
0.328,33.717895507812,-75.949096679688,42.166137695312,
0.3285,46.089965820312,-77.590698242188,30.755004882812,
0.329,52.456176757812,-75.748901367188,22.787231445312,
0.3295,59.543090820312,-70.263549804688,9.6944580078125,
0.33,65.348754882812,-64.578002929688,-1.6365966796875,
0.3305,70.473754882812,-57.370971679688,-13.928588867188,
0.331,75.919067382812,-47.201049804688,-28.943237304688,
0.3315,79.722778320312,-39.473510742188,-39.153198242188,
0.332,73.796997070312,-25.219604492188,-46.800659179688,
0.3325,71.114379882812,-17.411987304688,-50.524291992188,
0.333,65.308715820312,-1.6365966796875,-59.653198242188,
0.3335,61.424926757812,9.9747314453125,-66.459838867188,
0.334,53.777465820312,22.987426757812,-72.025268554688,
0.3345,42.966918945312,35.039184570312,-73.947143554688,
0.335,33.597778320312,43.527465820312,-74.347534179688,
0.3355,22.426879882812,49.293090820312,-69.983276367188,
0.336,12.417114257812,57.380981445312,-69.302612304688,
0.3365,-0.6356201171875,66.750122070312,-66.780151367188,
0.337,-14.128784179688,72.916137695312,-59.973510742188,
0.3375,-25.139526367188,75.838989257812,-52.566284179688,
0.338,-37.471557617188,72.996215820312,-37.511596679688,
0.3385,-43.237182617188,72.555786132812,-31.866088867188,
0.339,-53.567260742188,69.072387695312,-17.171752929688,
0.3395,-61.815307617188,68.712036132812,-8.8436279296875,
0.34,-68.742065429688,61.905395507812,5.5303955078125,
0.3405,-69.823120117188,51.495239257812,16.981567382812,
0.341,-71.664916992188,42.926879882812,27.311645507812,
0.3415,-72.105346679688,31.115356445312,39.723754882812,
0.342,-73.026245117188,23.828247070312,47.451293945312,
0.3425,-71.905151367188,12.777465820312,57.501098632812,
0.343,-66.940307617188,1.6065673828125,63.066528320312,
0.3435,-59.453002929688,-9.0438232421875,66.269653320312,
0.344,-49.603393554688,-23.297729492188,70.673950195312,
0.3445,-43.557495117188,-34.548706054688,76.439575195312,
0.345,-30.424682617188,-47.040893554688,75.558715820312,
0.3455,-25.059448242188,-51.685424804688,75.879028320312,
0.346,-10.124877929688,-59.453002929688,68.872192382812,
0.3465,0.0850830078125,-63.496948242188,63.346801757812,
0.347,13.618286132812,-68.742065429688,55.218872070312,
0.3475,27.511840820312,-73.146362304688,45.729614257812,
0.348,39.363403320312,-76.990112304688,37.801879882812,
0.3485,46.650512695312,-73.546752929688,26.510864257812,
0.349,52.656372070312,-69.662963867188,17.061645507812,
0.3495,58.742309570312,-64.137573242188,4.7696533203125,
0.35,66.269653320312,-58.932495117188,-7.8426513671875,
0.3505,74.237426757812,-53.647338867188,-20.855346679688,
0.351,75.678833007812,-41.115112304688,-34.348510742188,
0.3515,75.838989257812,-33.707885742188,-40.874877929688,
0.352,69.833129882812,-20.494995117188,-47.641479492188,
0.3525,68.912231445312,-12.447143554688,-53.647338867188,
0.353,64.908325195312,2.6876220703125,-64.698120117188,
0.3535,59.863403320312,16.020629882812,-72.225463867188,
0.354,50.974731445312,26.671020507812,-74.307495117188,
0.3545,38.362426757812,36.921020507812,-72.305541992188,
0.355,29.593872070312,43.727661132812,-71.464721679688,
0.3555,18.543090820312,52.416137695312,-69.622924804688,
0.356,6.8917236328125,61.224731445312,-68.101440429688,
0.3565,-5.0799560546875,68.031372070312,-63.737182617188,
0.357,-18.132690429688,69.472778320312,-52.766479492188,
0.3575,-26.661010742188,69.472778320312,-44.718627929688,
0.358,-39.593627929688,67.951293945312,-30.104370117188,
0.3585,-45.999877929688,69.472778320312,-25.579956054688,
0.359,-56.089721679688,66.469848632812,-11.806518554688,
0.3595,-63.136596679688,63.546997070312,-1.9569091796875,
0.36,-66.339721679688,55.098754882812,10.214965820312,
0.3605,-67.420776367188,44.368286132812,22.066528320312,
0.361,-72.545776367188,37.241333007812,33.918090820312,
0.3615,-74.787963867188,27.671997070312,46.049926757812,
0.362,-74.467651367188,19.223754882812,53.617309570312,
0.3625,-70.543823242188,7.9727783203125,60.904418945312,
0.363,-63.216674804688,-3.5985107421875,64.788208007812,
0.3635,-56.049682617188,-14.569213867188,68.551879882812,
0.364,-45.239135742188,-29.463745117188,72.715942382812,
0.3645,-39.353393554688,-40.434448242188,78.962036132812,
0.365,-26.821166992188,-48.121948242188,73.516723632812,
0.3655,-19.213745117188,-52.286010742188,70.914184570312,
0.366,-5.1199951171875,-58.572143554688,63.466918945312,
0.3665,6.6114501953125,-63.977416992188,57.501098632812,
0.367,19.864379882812,-70.143432617188,50.654418945312,
0.3675,33.878051757812,-74.347534179688,40.564575195312,
0.368,42.206176757812,-74.307495117188,32.396606445312,
0.3685,47.090942382812,-69.262573242188,21.746215820312,
0.369,54.057739257812,-66.019409179688,11.936645507812,
0.3695,62.746215820312,-62.335815429688,-0.9959716796875,
0.37,71.114379882812,-56.169799804688,-15.329956054688,
0.3705,77.160278320312,-49.843627929688,-27.101440429688,
0.371,74.597778320312,-35.589721679688,-38.472534179688,
0.3715,72.115356445312,-28.662963867188,-41.955932617188,
0.372,67.911254882812,-15.450073242188,-50.644409179688,
0.3725,66.750122070312,-5.1600341796875,-58.692260742188,
0.373,61.785278320312,8.5733642578125,-67.060424804688,
0.3735,52.015747070312,20.785278320312,-69.502807617188,
0.374,43.247192382812,30.154418945312,-70.543823242188,
0.3745,31.115356445312,40.004028320312,-68.702026367188,
0.375,23.027465820312,46.770629882812,-68.501831054688,
0.3755,11.976684570312,56.380004882812,-67.540893554688,
0.376,-0.3553466796875,64.067504882812,-64.017456054688,
0.3765,-11.526245117188,67.751098632812,-57.170776367188,
0.377,-24.859252929688,69.232543945312,-45.719604492188,
0.3775,-34.869018554688,71.995239257812,-38.912963867188,
0.378,-45.999877929688,70.794067382812,-26.140502929688,
0.3785,-52.286010742188,71.314575195312,-20.735229492188,
0.379,-61.294799804688,66.509887695312,-6.3612060546875,
0.3795,-65.338745117188,59.823364257812,4.4093017578125,
0.38,-68.061401367188,50.934692382812,16.140747070312,
0.3805,-70.744018554688,40.604614257812,29.193481445312,
0.381,-74.427612304688,32.716918945312,40.364379882812,
0.3815,-73.226440429688,23.427856445312,48.532348632812,
0.382,-69.863159179688,13.137817382812,55.018676757812,
0.3825,-63.296752929688,1.9268798828125,59.583129882812,
0.383,-56.209838867188,-10.765502929688,64.828247070312,
0.3835,-50.043823242188,-22.857299804688,70.954223632812,
0.384,-38.192260742188,-37.071166992188,73.316528320312,
0.3845,-32.106323242188,-44.037963867188,74.878051757812,
0.385,-19.373901367188,-50.764526367188,68.992309570312,
0.3855,-9.9246826171875,-56.570190429688,65.989379882812,
0.386,4.1290283203125,-64.738159179688,60.504028320312,
0.3865,17.982543945312,-71.304565429688,53.497192382812,
0.387,30.194458007812,-76.469604492188,46.490356445312,
0.3875,40.844848632812,-75.989135742188,34.879028320312,
0.388,46.610473632812,-72.625854492188,26.270629882812,
0.3885,54.418090820312,-69.222534179688,14.218872070312,
0.389,62.425903320312,-65.298706054688,2.6876220703125,
0.3895,69.672973632812,-60.734252929688,-9.5643310546875,
0.39,73.276489257812,-50.244018554688,-23.377807617188,
0.3905,74.197387695312,-41.955932617188,-31.866088867188,
0.391,70.593872070312,-27.942260742188,-41.875854492188,
0.3915,68.832153320312,-21.415893554688,-45.559448242188,
0.392,66.549926757812,-7.1219482421875,-57.090698242188,
0.3925,63.066528320312,4.5294189453125,-64.377807617188,
0.393,55.379028320312,16.180786132812,-68.141479492188,
0.3935,43.967895507812,27.671997070312,-68.381713867188,
0.394,35.359497070312,37.921997070312,-70.944213867188,
0.3945,25.469848632812,47.251098632812,-70.663940429688,
0.395,16.380981445312,54.818481445312,-70.423706054688,
0.3955,4.5294189453125,62.425903320312,-67.020385742188,
0.396,-7.8026123046875,66.630004882812,-59.613159179688,
0.3965,-18.733276367188,69.192504882812,-51.885620117188,
0.397,-32.186401367188,70.233520507812,-39.433471679688,
0.3975,-42.076049804688,73.516723632812,-33.347534179688,
0.398,-49.923706054688,69.993286132812,-21.215698242188,
0.3985,-55.609252929688,67.430786132812,-13.328002929688,
0.399,-61.014526367188,59.903442382812,0.1251220703125,
0.3995,-64.578002929688,51.775512695312,11.736450195312,
0.4,-69.302612304688,44.368286132812,23.828247070312,
0.4005,-73.386596679688,34.879028320312,37.601684570312,
0.401,-73.546752929688,27.071411132812,45.088989257812,
0.4015,-70.183471679688,16.901489257812,51.855590820312,
0.402,-65.819213867188,5.7706298828125,58.261840820312,
0.4025,-60.694213867188,-5.7606201171875,64.507934570312,
0.403,-53.206909179688,-20.454956054688,71.674926757812,
0.4035,-47.201049804688,-32.706909179688,78.761840820312,
0.404,-34.628784179688,-42.396362304688,75.358520507812,
0.4045,-27.902221679688,-44.878784179688,71.795043945312,
0.405,-13.808471679688,-54.448120117188,67.430786132812,
0.4055,-2.3973388671875,-61.895385742188,64.107543945312,
0.406,11.215942382812,-69.582885742188,58.421997070312,
0.4065,24.869262695312,-73.346557617188,48.532348632812,
0.407,34.278442382812,-73.386596679688,39.363403320312,
0.4075,41.445434570312,-69.382690429688,27.631958007812,
0.408,48.051879882812,-66.820190429688,18.823364257812,
0.4085,58.021606445312,-65.458862304688,6.6915283203125,
0.409,66.750122070312,-60.894409179688,-6.4012451171875,
0.4095,72.235473632812,-54.648315429688,-17.892456054688,
0.41,71.634887695312,-41.515502929688,-30.144409179688,
0.4105,72.075317382812,-33.187377929688,-37.952026367188,
0.411,69.753051757812,-21.135620117188,-47.321166992188,
0.4115,71.154418945312,-12.327026367188,-56.169799804688,
0.412,67.230590820312,1.7266845703125,-65.619018554688,
0.4125,60.063598632812,13.578247070312,-69.903198242188,
0.413,50.093872070312,23.467895507812,-70.103393554688,
0.4135,38.442504882812,34.598754882812,-69.983276367188,
0.414,29.834106445312,44.768676757812,-72.665893554688,
0.4145,20.545043945312,52.376098632812,-71.544799804688,
0.415,9.2540283203125,59.703247070312,-68.782104492188,
0.4155,-2.1971435546875,63.066528320312,-61.535034179688,
0.416,-15.089721679688,65.989379882812,-52.286010742188,
0.4165,-26.220581054688,69.793090820312,-45.439331054688,
0.417,-40.314331054688,71.714965820312,-33.027221679688,
0.4175,-48.202026367188,73.837036132812,-27.862182617188,
0.418,-54.568237304688,68.191528320312,-14.969604492188,
0.4185,-59.252807617188,63.346801757812,-5.6004638671875,
0.419,-65.138549804688,56.219848632812,7.8126220703125,
0.4195,-70.103393554688,47.971801757812,21.105590820312,
0.42,-76.429565429688,40.924926757812,34.238403320312,
0.4205,-77.510620117188,31.715942382812,44.688598632812,
0.421,-73.146362304688,21.906372070312,49.573364257812,
0.4215,-68.581909179688,11.215942382812,55.699340820312,
0.422,-62.976440429688,-1.5965576171875,62.465942382812,
0.4225,-58.572143554688,-13.488159179688,69.913208007812,
0.423,-48.322143554688,-28.783081054688,74.958129882812,
0.4235,-40.714721679688,-38.072143554688,77.520629882812,
0.424,-28.022338867188,-44.478393554688,70.794067382812,
0.4245,-19.574096679688,-49.243041992188,67.951293945312,
0.425,-5.4403076171875,-59.092651367188,63.907348632812,
0.4255,7.6524658203125,-67.460815429688,59.863403320312,
0.426,20.064575195312,-72.345581054688,52.536254882812,
0.4265,32.036254882812,-73.146362304688,41.165161132812,
0.427,40.924926757812,-72.265502929688,31.675903320312,
0.4275,47.130981445312,-69.382690429688,21.906372070312,
0.428,57.501098632812,-68.581909179688,11.055786132812,
0.4285,67.030395507812,-66.419799804688,-1.2762451171875,
0.429,72.635864257812,-58.371948242188,-14.569213867188,
0.4295,74.437622070312,-49.803588867188,-24.538940429688,
0.43,73.036254882812,-36.030151367188,-36.590698242188,
0.4305,73.316528320312,-28.823120117188,-43.036987304688,
0.431,71.114379882812,-16.090698242188,-53.086791992188,
0.4315,70.273559570312,-5.5203857421875,-61.775268554688,
0.432,62.105590820312,7.3721923828125,-66.059448242188,
0.4325,51.615356445312,18.382934570312,-66.619995117188,
0.433,42.446411132812,29.313598632812,-68.902221679688,
0.4335,32.036254882812,40.844848632812,-70.383666992188,
0.434,23.147583007812,49.573364257812,-71.424682617188,
0.4345,12.937622070312,57.501098632812,-69.783081054688,
0.435,0.5255126953125,62.946411132812,-63.777221679688,
0.4355,-10.445190429688,65.909301757812,-56.530151367188,
0.436,-25.179565429688,70.393676757812,-46.640502929688,
0.4365,-37.111206054688,75.438598632812,-40.114135742188,
0.437,-47.681518554688,74.277465820312,-27.982299804688,
0.4375,-54.087768554688,72.555786132812,-20.374877929688,
0.438,-60.854370117188,66.229614257812,-6.5614013671875,
0.4385,-65.018432617188,59.302856445312,4.4893798828125,
0.439,-70.263549804688,52.055786132812,17.181762695312,
0.4395,-74.347534179688,42.366333007812,31.035278320312,
0.44,-75.989135742188,33.477661132812,41.165161132812,
0.4405,-72.465698242188,24.188598632812,47.050903320312,
0.441,-67.981323242188,12.657348632812,53.457153320312,
0.4415,-64.337768554688,1.8468017578125,60.664184570312,
0.442,-58.211791992188,-12.487182617188,68.511840820312,
0.4425,-53.086791992188,-24.739135742188,75.838989257812,
0.443,-39.873901367188,-37.511596679688,75.558715820312,
0.4435,-32.466674804688,-42.956909179688,74.157348632812,
0.444,-19.774291992188,-50.884643554688,69.472778320312,
0.4445,-9.4842529296875,-59.773315429688,68.872192382812,
0.445,4.8497314453125,-68.902221679688,63.947387695312,
0.4455,18.302856445312,-74.667846679688,56.620239257812,
0.446,28.953247070312,-75.468627929688,46.810668945312,
0.4465,38.922973632812,-73.786987304688,34.758911132812,
0.447,46.530395507812,-72.065307617188,25.750122070312,
0.4475,55.138793945312,-70.784057617188,15.059692382812,
0.448,64.427856445312,-67.620971679688,2.8077392578125,
0.4485,68.872192382812,-60.894409179688,-8.6834716796875,
0.449,71.074340820312,-49.923706054688,-21.576049804688,
0.4495,72.435668945312,-40.794799804688,-31.305541992188,
0.45,71.875122070312,-28.022338867188,-43.117065429688,
0.4505,72.355590820312,-20.855346679688,-49.563354492188,
0.451,69.312622070312,-7.1219482421875,-59.733276367188,
0.4515,63.947387695312,4.0089111328125,-64.578002929688,
0.452,55.338989257812,16.020629882812,-67.901245117188,
0.4525,45.289184570312,28.272583007812,-70.303588867188,
0.453,36.760864257812,40.524536132812,-74.828002929688,
0.4535,28.152465820312,49.973754882812,-76.109252929688,
0.454,16.260864257812,57.661254882812,-73.186401367188,
0.4545,5.7305908203125,62.145629882812,-67.821166992188,
0.455,-7.7225341796875,66.670043945312,-59.933471679688,
0.4555,-19.494018554688,72.115356445312,-54.127807617188,
0.456,-34.308471679688,74.878051757812,-42.036010742188,
0.4565,-43.237182617188,77.040161132812,-35.509643554688,
0.457,-50.284057617188,71.594848632812,-22.777221679688,
0.4575,-54.968627929688,66.630004882812,-13.448120117188,
0.458,-62.576049804688,61.144653320312,0.4454345703125,
0.4585,-69.582885742188,54.698364257812,13.818481445312,
0.459,-74.307495117188,47.411254882812,25.870239257812,
0.4595,-76.269409179688,37.041137695312,38.162231445312,
0.46,-72.906127929688,27.391723632812,44.047973632812,
0.4605,-69.622924804688,17.582153320312,50.614379882812,
0.461,-67.060424804688,5.1300048828125,60.023559570312,
0.4615,-64.137573242188,-6.4412841796875,68.551879882812,
0.462,-56.289916992188,-21.095581054688,75.278442382812,
0.4625,-48.322143554688,-31.345581054688,78.321411132812,
0.463,-34.668823242188,-41.035034179688,73.957153320312,
0.4635,-27.141479492188,-45.759643554688,71.915161132812,
0.464,-13.408081054688,-56.890502929688,69.432739257812,
0.4645,-1.9168701171875,-66.099487304688,67.871215820312,
0.465,11.296020507812,-71.144409179688,59.943481445312,
0.4655,22.506958007812,-71.144409179688,48.932739257812,
0.466,33.197387695312,-71.865112304688,39.083129882812,
0.4665,42.446411132812,-71.504760742188,28.873168945312,
0.467,51.935668945312,-71.144409179688,19.343872070312,
0.4675,61.625122070312,-70.343627929688,8.1729736328125,
0.468,67.630981445312,-63.777221679688,-4.3592529296875,
0.4685,69.993286132812,-55.529174804688,-14.889526367188,
0.469,72.555786132812,-44.037963867188,-28.743041992188,
0.4695,76.719848632812,-36.230346679688,-39.713745117188,
0.47,75.999145507812,-25.019409179688,-49.803588867188,
0.4705,75.318481445312,-15.490112304688,-57.531127929688,
0.471,68.591918945312,-2.4774169921875,-63.336791992188,
0.4715,59.623168945312,9.2540283203125,-65.659057617188,
0.472,51.214965820312,21.185668945312,-69.262573242188,
0.4725,41.205200195312,34.558715820312,-72.866088867188,
0.473,31.715942382812,45.409301757812,-75.268432617188,
0.4735,23.027465820312,50.974731445312,-72.545776367188,
0.474,10.335083007812,56.299926757812,-66.339721679688,
0.4745,-0.3153076171875,60.183715820312,-60.253784179688,
0.475,-15.410034179688,66.910278320312,-52.566284179688,
0.4755,-28.142456054688,73.917114257812,-47.281127929688,
0.476,-41.595581054688,74.838012695312,-34.548706054688,
0.4765,-46.760620117188,72.635864257812,-27.621948242188,
0.477,-52.606323242188,66.469848632812,-15.009643554688,
0.4775,-59.573120117188,62.786254882812,-4.6395263671875,
0.478,-68.581909179688,57.941528320312,9.7344970703125,
0.4785,-75.228393554688,50.454223632812,23.908325195312,
0.479,-78.231323242188,41.605590820312,35.439575195312,
0.4795,-75.348510742188,31.435668945312,42.766723632812,
0.48,-71.384643554688,20.625122070312,49.293090820312,
0.4805,-69.182495117188,10.014770507812,57.581176757812,
0.481,-65.859252929688,-3.7186279296875,67.470825195312,
0.4815,-60.534057617188,-15.730346679688,74.117309570312,
0.482,-49.042846679688,-28.863159179688,75.919067382812,
0.4825,-39.313354492188,-37.311401367188,75.118286132812,
0.483,-27.221557617188,-44.838745117188,70.513793945312,
0.4835,-17.772338867188,-53.527221679688,70.593872070312,
0.484,-3.4383544921875,-64.578002929688,67.550903320312,
0.4845,9.4542236328125,-71.785034179688,62.505981445312,
0.485,21.105590820312,-73.186401367188,52.255981445312,
0.4855,32.516723632812,-72.866088867188,40.324340820312,
0.486,43.367309570312,-73.987182617188,30.755004882812,
0.4865,52.015747070312,-74.307495117188,21.626098632812,
0.487,62.826293945312,-72.385620117188,9.2540283203125,
0.4875,69.232543945312,-68.061401367188,-2.1170654296875,
0.488,72.235473632812,-57.491088867188,-15.329956054688,
0.4885,74.958129882812,-49.122924804688,-26.100463867188,
0.489,75.879028320312,-35.709838867188,-39.873901367188,
0.4895,77.480590820312,-27.902221679688,-47.921752929688,
0.49,74.277465820312,-15.369995117188,-56.490112304688,
0.4905,69.192504882812,-3.8387451171875,-61.695190429688,
0.491,61.384887695312,9.0538330078125,-66.379760742188,
0.4915,51.535278320312,21.786254882812,-69.302612304688,
0.492,43.447387695312,34.038208007812,-74.027221679688,
0.4925,33.597778320312,45.969848632812,-76.789916992188,
0.493,23.027465820312,52.055786132812,-73.706909179688,
0.4935,13.017700195312,56.940551757812,-69.302612304688,
0.494,-0.6356201171875,63.867309570312,-63.817260742188,
0.4945,-12.206909179688,69.472778320312,-58.532104492188,
0.495,-27.982299804688,76.039184570312,-49.643432617188,
0.4955,-39.673706054688,80.083129882812,-42.156127929688,
0.496,-47.561401367188,75.278442382812,-29.223510742188,
0.4965,-53.206909179688,71.594848632812,-20.454956054688,
0.497,-61.535034179688,66.630004882812,-6.4412841796875,
0.4975,-69.502807617188,62.546020507812,5.5704345703125,
0.498,-74.908081054688,54.938598632812,18.863403320312,
0.4985,-76.950073242188,44.848754882812,31.035278320312,
0.499,-75.788940429688,33.797973632812,40.524536132812,
0.4995,-72.065307617188,24.669067382812,45.929809570312,
0.5,-70.183471679688,12.457153320312,55.859497070312,
0.5005,-68.381713867188,1.6065673828125,64.828247070312,
0.501,-62.215698242188,-12.527221679688,72.475708007812,
0.5015,-54.968627929688,-23.898315429688,77.000122070312,
0.502,-41.915893554688,-36.030151367188,76.039184570312,
0.5025,-33.707885742188,-43.557495117188,76.039184570312,
0.503,-21.776245117188,-53.647338867188,74.237426757812,
0.5035,-10.405151367188,-64.057495117188,74.037231445312,
0.504,3.0079345703125,-71.064331054688,67.831176757812,
0.5045,15.820434570312,-73.546752929688,57.821411132812,
0.505,27.071411132812,-74.868041992188,47.971801757812,
0.5055,39.403442382812,-76.309448242188,36.560668945312,
0.506,48.772583007812,-75.748901367188,26.911254882812,
0.5065,57.581176757812,-75.188354492188,16.701293945312,
0.507,64.067504882812,-68.141479492188,3.4884033203125,
0.5075,66.790161132812,-60.734252929688,-7.0819091796875,
0.508,70.954223632812,-50.003784179688,-21.536010742188,
0.5085,75.718872070312,-42.356323242188,-33.107299804688,
0.509,76.519653320312,-29.623901367188,-45.839721679688,
0.5095,74.878051757812,-21.175659179688,-51.244995117188,
0.51,69.793090820312,-7.7225341796875,-58.692260742188,
0.5105,63.667114257812,4.3692626953125,-63.496948242188,
0.511,56.860473632812,17.462036132812,-69.582885742188,
0.5115,48.091918945312,31.115356445312,-74.868041992188,
0.512,38.882934570312,42.926879882812,-78.952026367188,
0.5125,29.273559570312,49.813598632812,-76.589721679688,
0.513,16.501098632812,56.780395507812,-72.425659179688,
0.5135,6.0108642578125,61.865356445312,-67.821166992188,
0.514,-8.2830810546875,69.632934570312,-62.455932617188,
0.5145,-20.975463867188,76.199340820312,-56.770385742188,
0.515,-34.468627929688,77.800903320312,-44.878784179688,
0.5155,-42.276245117188,75.879028320312,-35.749877929688,
0.516,-48.202026367188,69.993286132812,-23.618041992188,
0.5165,-55.168823242188,67.230590820312,-14.168823242188,
0.517,-65.058471679688,63.787231445312,-0.1151123046875,
0.5175,-73.426635742188,58.582153320312,13.418090820312,
0.518,-75.508666992188,49.213012695312,24.989379882812,
0.5185,-74.787963867188,37.801879882812,35.719848632812,
0.519,-73.706909179688,27.671997070312,44.328247070312,
0.5195,-74.027221679688,18.543090820312,53.857543945312,
0.52,-72.265502929688,5.1300048828125,64.948364257812,
0.5205,-68.702026367188,-6.0408935546875,72.395629882812,
0.521,-58.171752929688,-19.253784179688,74.958129882812,
0.5215,-48.722534179688,-29.023315429688,75.718872070312,
0.522,-36.030151367188,-40.954956054688,75.038208007812,
0.5225,-27.702026367188,-48.722534179688,75.278442382812,
0.523,-14.969604492188,-60.093627929688,73.997192382812,
0.5235,-2.5574951171875,-66.740112304688,68.912231445312,
0.524,9.2139892578125,-69.102416992188,59.863403320312,
0.5245,21.505981445312,-69.342651367188,47.851684570312,
0.525,34.238403320312,-73.506713867188,39.363403320312,
0.5255,46.130004882812,-76.469604492188,29.713989257812,
0.526,54.898559570312,-74.227416992188,19.263793945312,
0.5265,61.344848632812,-70.864135742188,8.4532470703125,
0.527,66.349731445312,-62.576049804688,-4.6395263671875,
0.5275,70.153442382812,-55.369018554688,-15.690307617188,
0.528,76.239379882812,-45.599487304688,-31.025268554688,
0.5285,81.364379882812,-37.471557617188,-43.117065429688,
0.529,77.840942382812,-26.260620117188,-50.043823242188,
0.5295,73.476684570312,-15.490112304688,-54.968627929688,
0.53,67.230590820312,-2.4373779296875,-61.214721679688,
0.5305,60.864379882812,10.615356445312,-67.140502929688,
0.531,53.417114257812,23.507934570312,-72.625854492188,
0.5315,43.927856445312,36.360473632812,-76.509643554688,
0.532,32.636840820312,45.088989257812,-74.988159179688,
0.5325,23.507934570312,47.931762695312,-69.382690429688,
0.533,10.495239257812,55.899536132812,-65.819213867188,
0.5335,-0.7957763671875,62.946411132812,-62.335815429688,
0.534,-15.690307617188,71.114379882812,-56.490112304688,
0.5345,-28.182495117188,76.399536132812,-49.643432617188,
0.535,-39.033081054688,74.157348632812,-36.510620117188,
0.5355,-44.518432617188,70.713989257812,-28.222534179688,
0.536,-52.726440429688,67.911254882812,-16.571166992188,
0.5365,-63.096557617188,66.589965820312,-5.1600341796875,
0.537,-71.624877929688,62.105590820312,8.4132080078125,
0.5375,-75.108276367188,52.736450195312,21.265747070312,
0.538,-75.308471679688,42.726684570312,31.315551757812,
0.5385,-74.067260742188,32.316528320312,40.484497070312,
0.539,-72.745971679688,21.626098632812,49.453247070312,
0.5395,-73.746948242188,12.096801757812,59.903442382812,
0.54,-68.101440429688,-1.6365966796875,67.550903320312,
0.5405,-61.014526367188,-11.566284179688,70.273559570312,
0.541,-49.403198242188,-24.699096679688,71.875122070312,
0.5415,-40.594604492188,-34.869018554688,73.676879882812,
0.542,-29.583862304688,-45.439331054688,73.276489257812,
0.5425,-19.694213867188,-55.088745117188,73.877075195312,
0.543,-7.4422607421875,-62.816284179688,69.552856445312,
0.5435,4.8497314453125,-66.780151367188,61.785278320312,
0.544,16.621215820312,-69.823120117188,53.216918945312,
0.5445,29.914184570312,-73.266479492188,43.127075195312,
0.545,43.046997070312,-77.390502929688,33.998168945312,
0.5455,50.654418945312,-77.350463867188,25.589965820312,
0.546,58.462036132812,-72.225463867188,13.057739257812,
0.5465,61.865356445312,-65.979370117188,2.6075439453125,
0.547,68.151489257812,-58.331909179688,-11.005737304688,
0.5475,74.237426757812,-51.605346679688,-23.417846679688,
0.548,77.480590820312,-40.434448242188,-37.151245117188,
0.5485,77.600708007812,-30.905151367188,-45.319213867188,
0.549,72.115356445312,-19.574096679688,-50.484252929688,
0.5495,67.470825195312,-7.9627685546875,-56.049682617188,
0.55,61.985473632812,4.9698486328125,-62.696166992188,
0.5505,55.379028320312,18.543090820312,-69.302612304688,
0.551,47.411254882812,30.434692382812,-73.706909179688,
0.5515,37.481567382812,40.884887695312,-74.667846679688,
0.552,26.310668945312,47.571411132812,-71.584838867188,
0.5525,17.462036132812,53.657348632812,-69.502807617188,
0.553,3.6485595703125,63.066528320312,-66.499877929688,
0.5535,-7.8826904296875,70.313598632812,-62.976440429688,
0.554,-22.056518554688,74.517700195312,-53.567260742188,
0.5545,-32.066284179688,75.198364257812,-44.758666992188,
0.555,-41.835815429688,72.675903320312,-32.306518554688,
0.5555,-47.641479492188,70.033325195312,-24.418823242188,
0.556,-58.371948242188,68.872192382812,-11.806518554688,
0.5565,-66.900268554688,64.668090820312,0.7657470703125,
0.557,-70.103393554688,56.860473632812,12.096801757812,
0.5575,-69.863159179688,45.209106445312,23.507934570312,
0.558,-71.384643554688,35.559692382812,34.398559570312,
0.5585,-72.345581054688,27.431762695312,43.527465820312,
0.559,-70.543823242188,16.060668945312,52.776489257812,
0.5595,-69.462768554688,6.5313720703125,61.104614257812,
0.56,-61.454956054688,-6.8016357421875,66.029418945312,
0.5605,-54.127807617188,-17.051635742188,69.032348632812,
0.561,-43.437377929688,-30.905151367188,72.155395507812,
0.5615,-35.509643554688,-42.156127929688,76.239379882812,
0.562,-25.900268554688,-49.963745117188,74.237426757812,
0.5625,-15.009643554688,-57.370971679688,71.714965820312,
0.563,-2.8778076171875,-62.335815429688,64.788208007812,
0.5635,10.174926757812,-67.100463867188,56.980590820312,
0.564,22.707153320312,-71.304565429688,48.732543945312,
0.5645,35.960083007812,-75.788940429688,39.563598632812,
0.565,45.209106445312,-74.707885742188,29.433715820312,
0.5655,50.414184570312,-71.344604492188,20.104614257812,
0.566,57.701293945312,-65.659057617188,7.3721923828125,
0.5665,62.425903320312,-60.213745117188,-3.3582763671875,
0.567,69.873168945312,-52.846557617188,-17.932495117188,
0.5675,75.838989257812,-45.999877929688,-29.984252929688,
0.568,75.638793945312,-34.348510742188,-40.874877929688,
0.5685,72.115356445312,-25.339721679688,-45.239135742188,
0.569,68.391723632812,-14.409057617188,-51.805541992188,
0.5695,65.669067382812,-1.8768310546875,-60.453979492188,
0.57,61.064575195312,11.255981445312,-68.501831054688,
0.5705,52.816528320312,24.348754882812,-73.266479492188,
0.571,42.566528320312,34.598754882812,-73.947143554688,
0.5715,32.957153320312,41.765747070312,-71.865112304688,
0.572,20.785278320312,49.893676757812,-69.502807617188,
0.5725,11.736450195312,58.301879882812,-69.262573242188,
0.573,-2.9178466796875,66.429809570312,-63.897338867188,
0.5735,-13.328002929688,70.193481445312,-57.931518554688,
0.574,-26.020385742188,70.313598632812,-45.679565429688,
0.5745,-35.109252929688,70.033325195312,-36.870971679688,
0.575,-44.518432617188,69.112426757812,-25.820190429688,
0.5755,-52.005737304688,67.671020507812,-17.612182617188,
0.576,-61.174682617188,65.028442382812,-5.1600341796875,
0.5765,-66.459838867188,57.901489257812,7.3321533203125,
0.577,-68.181518554688,48.972778320312,18.022583007812,
0.5775,-70.623901367188,39.403442382812,30.114379882812,
0.578,-73.546752929688,29.633911132812,42.486450195312,
0.5785,-75.428588867188,23.227661132812,50.734497070312,
0.579,-71.584838867188,10.134887695312,59.543090820312,
0.5795,-65.939331054688,1.0860595703125,62.946411132812,
0.58,-57.170776367188,-12.607299804688,67.590942382812,
0.5805,-50.163940429688,-24.058471679688,72.235473632812,
0.581,-39.393432617188,-37.671752929688,75.238403320312,
0.5815,-31.225463867188,-46.320190429688,76.559692382812,
0.582,-20.775268554688,-51.445190429688,71.114379882812,
0.5825,-9.2440185546875,-56.890502929688,65.709106445312,
0.583,3.3682861328125,-62.095581054688,58.742309570312,
0.5835,16.861450195312,-67.540893554688,50.894653320312,
0.584,30.554809570312,-73.386596679688,43.127075195312,
0.5845,41.005004882812,-76.069213867188,34.718872070312,
0.585,48.171997070312,-71.264526367188,23.107543945312,
0.5855,53.657348632812,-68.181518554688,13.898559570312,
0.586,62.305786132812,-62.936401367188,0.2452392578125,
0.5865,69.512817382812,-58.972534179688,-11.165893554688,
0.587,75.879028320312,-49.963745117188,-26.180541992188,
0.5875,78.081176757812,-40.954956054688,-36.430541992188,
0.588,73.796997070312,-29.583862304688,-43.077026367188,
0.5885,70.153442382812,-18.973510742188,-49.042846679688,
0.589,67.831176757812,-6.8817138671875,-58.331909179688,
0.5895,63.266723632812,6.6514892578125,-66.459838867188,
0.59,56.019653320312,18.302856445312,-70.744018554688,
0.5905,45.329223632812,29.153442382812,-71.144409179688,
0.591,33.797973632812,38.762817382812,-70.183471679688,
0.5915,26.150512695312,44.768676757812,-68.982299804688,
0.592,13.458129882812,53.497192382812,-66.379760742188,
0.5925,3.6485595703125,62.145629882812,-65.859252929688,
0.593,-10.805541992188,67.831176757812,-58.011596679688,
0.5935,-21.055541992188,69.993286132812,-50.444213867188,
0.594,-33.627807617188,70.313598632812,-38.192260742188,
0.5945,-43.517456054688,71.554809570312,-30.144409179688,
0.595,-51.565307617188,70.513793945312,-20.334838867188,
0.5955,-60.934448242188,68.832153320312,-9.6043701171875,
0.596,-65.458862304688,61.985473632812,2.4073486328125,
0.5965,-67.781127929688,52.376098632812,14.338989257812,
0.597,-70.463745117188,43.287231445312,26.030395507812,
0.5975,-74.387573242188,35.199340820312,38.122192382812,
0.598,-73.867065429688,24.548950195312,47.851684570312,
0.5985,-72.786010742188,16.901489257812,54.378051757812,
0.599,-65.899291992188,3.4083251953125,60.544067382812,
0.5995,-58.972534179688,-5.9608154296875,62.866333007812,
0.6,-50.364135742188,-20.414916992188,68.591918945312,
0.6005,-43.197143554688,-32.947143554688,74.397583007812,
0.601,-33.067260742188,-43.637573242188,74.998168945312,
0.6015,-23.898315429688,-48.842651367188,71.915161132812,
0.602,-12.567260742188,-55.729370117188,67.550903320312,
0.6025,0.0050048828125,-61.895385742188,61.865356445312,
0.603,13.017700195312,-68.621948242188,55.779418945312,
0.6035,27.191528320312,-74.787963867188,47.771606445312,
0.604,39.123168945312,-76.829956054688,37.921997070312,
0.6045,44.488403320312,-74.587768554688,29.794067382812,
0.605,52.776489257812,-69.222534179688,16.621215820312,
0.6055,58.862426757812,-66.700073242188,7.3721923828125,
0.606,67.230590820312,-60.213745117188,-7.4022216796875,
0.6065,73.997192382812,-55.008666992188,-19.133666992188,
0.607,74.317504882812,-42.596557617188,-31.545776367188,
0.6075,72.555786132812,-32.466674804688,-39.033081054688,
0.608,68.992309570312,-22.456909179688,-45.038940429688,
0.6085,66.549926757812,-11.125854492188,-52.926635742188,
0.609,64.107543945312,1.3663330078125,-62.455932617188,
0.6095,57.581176757812,15.179809570312,-69.222534179688,
0.61,48.051879882812,25.229614257812,-70.063354492188,
0.6105,37.921997070312,35.239379882812,-70.343627929688,
0.611,26.550903320312,45.409301757812,-70.223510742188,
0.6115,19.904418945312,51.775512695312,-70.543823242188,
0.612,5.6905517578125,62.145629882812,-67.901245117188,
0.6125,-4.2791748046875,66.349731445312,-62.856323242188,
0.613,-17.812377929688,69.312622070312,-52.806518554688,
0.6135,-28.462768554688,70.954223632812,-44.318237304688,
0.614,-40.314331054688,71.755004882812,-33.027221679688,
0.6145,-48.722534179688,71.594848632812,-24.939331054688,
0.615,-57.531127929688,69.552856445312,-13.328002929688,
0.6155,-62.976440429688,63.546997070312,-2.0369873046875,
0.616,-65.538940429688,55.058715820312,9.4942626953125,
0.6165,-67.981323242188,45.689575195312,21.305786132812,
0.617,-72.345581054688,36.560668945312,34.438598632812,
0.6175,-75.548706054688,30.194458007812,44.328247070312,
0.618,-71.704956054688,18.062622070312,52.095825195312,
0.6185,-68.581909179688,10.054809570312,56.900512695312,
0.619,-61.855346679688,-3.9989013671875,63.787231445312,
0.6195,-57.090698242188,-15.249877929688,70.193481445312,
0.62,-47.761596679688,-30.144409179688,75.879028320312,
0.6205,-39.553588867188,-41.155151367188,79.762817382812,
0.621,-29.423706054688,-47.681518554688,75.718872070312,
0.6215,-17.452026367188,-54.167846679688,70.954223632812,
0.622,-5.7606201171875,-61.334838867188,66.630004882812,
0.6225,8.3731689453125,-68.421752929688,60.183715820312,
0.623,20.705200195312,-73.146362304688,52.696411132812,
0.6235,32.796997070312,-75.548706054688,42.726684570312,
0.624,41.765747070312,-72.385620117188,30.835083007812,
0.6245,45.289184570312,-69.062377929688,23.267700195312,
0.625,55.218872070312,-64.898315429688,9.4542236328125,
0.6255,63.026489257812,-62.976440429688,-0.7557373046875,
0.626,70.513793945312,-55.128784179688,-15.890502929688,
0.6265,73.917114257812,-47.361206054688,-26.540893554688,
0.627,73.036254882812,-34.909057617188,-37.671752929688,
0.6275,71.354614257812,-25.179565429688,-44.638549804688,
0.628,70.393676757812,-15.089721679688,-53.206909179688,
0.6285,69.072387695312,-1.9569091796875,-63.857299804688,
0.629,62.906372070312,9.7745361328125,-69.102416992188,
0.6295,52.456176757812,21.105590820312,-69.823120117188,
0.63,42.126098632812,32.076293945312,-71.144409179688,
0.6305,33.677856445312,41.445434570312,-72.425659179688,
0.631,21.786254882812,50.774536132812,-71.184448242188,
0.6315,13.818481445312,57.701293945312,-70.784057617188,
0.632,-0.6356201171875,64.387817382812,-64.097534179688,
0.6325,-10.445190429688,65.588989257812,-56.129760742188,
0.633,-24.218627929688,68.551879882812,-45.759643554688,
0.6335,-36.310424804688,71.714965820312,-37.231323242188,
0.634,-45.999877929688,72.315551757812,-27.702026367188,
0.6345,-55.449096679688,70.914184570312,-17.331909179688,
0.635,-61.054565429688,65.749145507812,-5.8807373046875,
0.6355,-65.338745117188,57.821411132812,6.2510986328125,
0.636,-69.542846679688,50.013793945312,18.422973632812,
0.6365,-74.868041992188,41.965942382812,31.916137695312,
0.637,-76.629760742188,32.036254882812,43.207153320312,
0.6375,-76.789916992188,24.709106445312,50.654418945312,
0.638,-70.343627929688,10.134887695312,58.301879882812,
0.6385,-66.139526367188,1.6466064453125,62.465942382812,
0.639,-58.131713867188,-13.328002929688,69.192504882812,
0.6395,-52.446166992188,-25.660034179688,76.079223632812,
0.64,-41.035034179688,-38.152221679688,77.360473632812,
0.6405,-31.145385742188,-44.078002929688,73.837036132812,
0.641,-19.894409179688,-51.765502929688,70.353637695312,
0.6415,-7.2020263671875,-59.212768554688,65.949340820312,
0.642,5.1300048828125,-66.780151367188,61.464965820312,
0.6425,19.624145507812,-73.186401367188,53.537231445312,
0.643,31.075317382812,-75.068237304688,44.128051757812,
0.6435,39.883911132812,-74.147338867188,33.838012695312,
0.644,47.731567382812,-69.903198242188,21.946411132812,
0.6445,54.778442382812,-69.542846679688,13.778442382812,
0.645,66.429809570312,-66.019409179688,-1.2362060546875,
0.6455,72.515747070312,-61.535034179688,-12.006713867188,
0.646,75.358520507812,-50.644409179688,-25.339721679688,
0.6465,74.797973632812,-39.913940429688,-34.588745117188,
0.647,73.837036132812,-28.783081054688,-44.078002929688,
0.6475,71.755004882812,-18.573120117188,-50.804565429688,
0.648,70.193481445312,-6.8016357421875,-60.373901367188,
0.6485,64.748168945312,6.4512939453125,-67.260620117188,
0.649,55.098754882812,17.221801757812,-68.101440429688,
0.6495,44.528442382812,27.792114257812,-68.221557617188,
0.65,33.477661132812,40.164184570312,-70.663940429688,
0.6505,27.151489257812,48.332153320312,-72.946166992188,
0.651,13.738403320312,57.300903320312,-69.943237304688,
0.6515,4.9698486328125,62.465942382812,-67.140502929688,
0.652,-9.2840576171875,66.790161132812,-58.211791992188,
0.6525,-20.494995117188,70.553833007812,-51.285034179688,
0.653,-34.588745117188,73.636840820312,-40.354370117188,
0.6535,-45.319213867188,76.079223632812,-32.426635742188,
0.654,-52.886596679688,74.277465820312,-22.617065429688,
0.6545,-60.173706054688,68.992309570312,-10.565307617188,
0.655,-64.658081054688,62.706176757812,0.8858642578125,
0.6555,-69.262573242188,53.817504882812,14.338989257812,
0.656,-74.027221679688,45.889770507812,26.911254882812,
0.6565,-77.870971679688,37.801879882812,38.882934570312,
0.657,-74.427612304688,25.429809570312,47.371215820312,
0.6575,-72.105346679688,17.542114257812,52.896606445312,
0.658,-65.458862304688,2.8077392578125,60.544067382812,
0.6585,-61.655151367188,-6.7215576171875,66.109497070312,
0.659,-53.206909179688,-22.136596679688,73.156372070312,
0.6595,-45.239135742188,-33.707885742188,77.360473632812,
0.66,-34.028198242188,-42.156127929688,74.317504882812,
0.6605,-23.818237304688,-46.760620117188,69.472778320312,
0.661,-12.487182617188,-56.049682617188,67.590942382812,
0.6615,1.5264892578125,-66.619995117188,64.868286132812,
0.662,14.258911132812,-73.066284179688,58.782348632812,
0.6625,26.751098632812,-75.788940429688,48.852661132812,
0.663,37.681762695312,-74.707885742188,36.921020507812,
0.6635,43.607543945312,-72.946166992188,28.472778320312,
0.664,53.296997070312,-69.422729492188,15.580200195312,
0.6645,61.665161132812,-69.302612304688,6.0509033203125,
0.665,69.953247070312,-62.656127929688,-8.6434326171875,
0.6655,72.195434570312,-54.368041992188,-18.933471679688,
0.666,72.395629882812,-42.316284179688,-30.704956054688,
0.6665,72.715942382812,-31.505737304688,-40.634643554688,
0.667,72.355590820312,-22.256713867188,-48.682495117188,
0.6675,71.314575195312,-9.9246826171875,-58.452026367188,
0.668,67.110473632812,1.1260986328125,-64.417846679688,
0.6685,58.421997070312,13.818481445312,-67.901245117188,
0.669,49.172973632812,24.749145507812,-69.783081054688,
0.6695,40.324340820312,36.480590820312,-72.986206054688,
0.67,29.153442382812,47.971801757812,-74.507690429688,
0.6705,22.226684570312,56.019653320312,-76.389526367188,
0.671,7.1719970703125,63.106567382812,-69.743041992188,
0.6715,-1.5965576171875,64.908325195312,-63.496948242188,
0.672,-16.130737304688,68.872192382812,-53.807495117188,
0.6725,-28.502807617188,73.516723632812,-46.520385742188,
0.673,-41.275268554688,75.879028320312,-35.869995117188,
0.6735,-48.722534179688,73.316528320312,-26.420776367188,
0.674,-55.088745117188,69.472778320312,-15.690307617188,
0.6745,-60.574096679688,62.105590820312,-3.1580810546875,
0.675,-66.019409179688,56.299926757812,8.6534423828125,
0.6755,-71.304565429688,47.531372070312,22.667114257812,
0.676,-75.508666992188,38.602661132812,35.559692382812,
0.6765,-75.668823242188,31.035278320312,43.567504882812,
0.677,-70.103393554688,17.782348632812,50.614379882812,
0.6775,-68.581909179688,9.6544189453125,57.140747070312,
0.678,-63.577026367188,-5.5203857421875,66.910278320312,
0.6785,-59.252807617188,-17.051635742188,74.157348632812,
0.679,-49.323120117188,-30.905151367188,78.681762695312,
0.6795,-38.592651367188,-40.514526367188,78.121215820312,
0.68,-29.103393554688,-45.719604492188,73.516723632812,
0.6805,-16.651245117188,-54.848510742188,70.754028320312,
0.681,-4.7596435546875,-63.977416992188,68.191528320312,
0.6815,9.8946533203125,-72.545776367188,62.706176757812,
0.682,21.385864257812,-73.987182617188,52.656372070312,
0.6825,31.715942382812,-73.346557617188,41.445434570312,
0.683,42.806762695312,-71.785034179688,28.913208007812,
0.6835,48.892700195312,-71.584838867188,21.786254882812,
0.684,61.104614257812,-68.902221679688,7.0919189453125,
0.6845,67.871215820312,-66.259643554688,-2.9178466796875,
0.685,72.035278320312,-56.410034179688,-16.651245117188,
0.6855,73.636840820312,-46.840698242188,-27.301635742188,
0.686,75.038208007812,-35.429565429688,-39.433471679688,
0.6865,75.398559570312,-25.099487304688,-48.802612304688,
0.687,74.958129882812,-15.730346679688,-56.890502929688,
0.6875,70.153442382812,-1.5965576171875,-64.978393554688,
0.688,62.706176757812,9.1339111328125,-67.821166992188,
0.6885,51.655395507812,21.746215820312,-69.342651367188,
0.689,42.206176757812,34.078247070312,-72.906127929688,
0.6895,34.518676757812,45.008911132812,-76.589721679688,
0.69,21.065551757812,54.057739257812,-73.546752929688,
0.6905,12.977661132812,59.182739257812,-71.264526367188,
0.691,-2.2772216796875,64.628051757812,-62.656127929688,
0.6915,-12.126831054688,67.310668945312,-56.249877929688,
0.692,-27.702026367188,72.996215820312,-46.720581054688,
0.6925,-40.634643554688,77.440551757812,-38.232299804688,
0.693,-47.841674804688,75.198364257812,-28.622924804688,
0.6935,-54.888549804688,70.033325195312,-16.851440429688,
0.694,-61.535034179688,65.989379882812,-5.6805419921875,
0.6945,-69.102416992188,59.623168945312,8.1329345703125,
0.695,-75.268432617188,53.176879882812,20.985473632812,
0.6955,-79.672729492188,44.248168945312,34.438598632812,
0.696,-77.790893554688,32.236450195312,43.967895507812,
0.6965,-75.508666992188,24.188598632812,49.813598632812,
0.697,-70.944213867188,9.0137939453125,60.023559570312,
0.6975,-68.702026367188,0.0050048828125,66.589965820312,
0.698,-62.015502929688,-15.169799804688,74.878051757812,
0.6985,-54.047729492188,-26.861206054688,79.362426757812,
0.699,-41.595581054688,-37.191284179688,77.160278320312,
0.6995,-30.184448242188,-44.278198242188,73.156372070312,
0.7,-20.655151367188,-51.525268554688,71.034301757812,
0.7005,-6.5614013671875,-62.936401367188,69.192504882812,
0.701,5.4903564453125,-70.303588867188,64.708129882812,
0.7015,19.183715820312,-74.347534179688,55.338989257812,
0.702,30.354614257812,-74.467651367188,44.328247070312,
0.7025,40.524536132812,-75.508666992188,34.478637695312,
0.703,51.094848632812,-73.706909179688,22.346801757812,
0.7035,59.903442382812,-75.628784179688,14.499145507812,
0.704,69.512817382812,-69.502807617188,-1.0760498046875,
0.7045,71.795043945312,-62.656127929688,-10.525268554688,
0.705,74.117309570312,-51.004760742188,-24.138549804688,
0.7055,76.199340820312,-41.035034179688,-35.229370117188,
0.706,77.600708007812,-30.544799804688,-46.360229492188,
0.7065,75.278442382812,-19.213745117188,-53.927612304688,
0.707,72.235473632812,-8.6033935546875,-60.694213867188,
0.7075,63.426879882812,5.2501220703125,-64.738159179688,
0.708,55.739379882812,16.541137695312,-68.061401367188,
0.7085,46.009887695312,29.593872070312,-71.624877929688,
0.709,35.439575195312,42.726684570312,-75.108276367188,
0.7095,28.793090820312,50.133911132812,-76.429565429688,
0.71,13.297973632812,58.622192382812,-71.064331054688,
0.7105,5.1700439453125,61.825317382812,-66.579956054688,
0.711,-10.244995117188,69.032348632812,-59.332885742188,
0.7115,-22.496948242188,75.198364257812,-53.687377929688,
0.712,-36.750854492188,79.402465820312,-43.357299804688,
0.7125,-45.959838867188,78.361450195312,-33.467651367188,
0.713,-51.084838867188,73.556762695312,-23.618041992188,
0.7135,-59.573120117188,68.511840820312,-10.565307617188,
0.714,-66.579956054688,64.187622070312,1.4063720703125,
0.7145,-75.028198242188,57.901489257812,16.140747070312,
0.715,-77.670776367188,48.332153320312,28.192504882812,
0.7155,-78.071166992188,38.722778320312,38.242309570312,
0.716,-72.986206054688,25.509887695312,45.849731445312,
0.7165,-71.785034179688,18.222778320312,51.975708007812,
0.717,-68.301635742188,2.4073486328125,63.747192382812,
0.7175,-65.739135742188,-7.7225341796875,71.234497070312,
0.718,-56.410034179688,-21.936401367188,76.199340820312,
0.7185,-46.320190429688,-32.306518554688,76.960083007812,
0.719,-35.309448242188,-42.076049804688,75.678833007812,
0.7195,-24.418823242188,-50.123901367188,73.636840820312,
0.72,-13.848510742188,-61.174682617188,74.237426757812,
0.7205,1.0059814453125,-71.384643554688,70.273559570312,
0.721,12.056762695312,-74.027221679688,61.985473632812,
0.7215,23.828247070312,-73.426635742188,49.733520507812,
0.722,36.240356445312,-74.507690429688,38.322387695312,
0.7225,45.849731445312,-77.150268554688,30.314575195312,
0.723,56.700317382812,-73.746948242188,16.340942382812,
0.7235,63.707153320312,-73.346557617188,7.9727783203125,
0.724,68.551879882812,-63.056518554688,-7.0819091796875,
0.7245,69.953247070312,-55.128784179688,-16.531127929688,
0.725,73.316528320312,-43.837768554688,-30.785034179688,
0.7255,76.679809570312,-33.707885742188,-42.756713867188,
0.726,76.719848632812,-24.939331054688,-50.644409179688,
0.7265,72.355590820312,-11.646362304688,-58.131713867188,
0.727,67.190551757812,-1.1160888671875,-62.656127929688,
0.7275,59.102661132812,12.697387695312,-67.741088867188,
0.728,51.295043945312,24.949340820312,-72.265502929688,
0.7285,43.527465820312,38.122192382812,-77.911010742188,
0.729,31.075317382812,48.652465820312,-77.190307617188,
0.7295,23.988403320312,53.256958007812,-75.028198242188,
0.73,7.9727783203125,61.344848632812,-68.461791992188,
0.7305,-0.8758544921875,64.988403320312,-63.977416992188,
0.731,-16.611206054688,72.675903320312,-56.690307617188,
0.7315,-29.623901367188,78.281372070312,-49.443237304688,
0.732,-39.994018554688,77.200317382812,-38.032104492188,
0.7325,-45.879760742188,71.434692382812,-27.181518554688,
0.733,-53.367065429688,68.792114257812,-16.491088867188,
0.7335,-62.776245117188,64.588012695312,-3.1981201171875,
0.734,-70.223510742188,60.063598632812,9.2940673828125,
0.7345,-75.468627929688,51.815551757812,22.707153320312,
0.735,-75.668823242188,40.484497070312,33.918090820312,
0.7355,-74.948120117188,32.636840820312,41.045043945312,
0.736,-71.144409179688,18.583129882812,50.894653320312,
0.7365,-73.186401367188,11.376098632812,60.063598632812,
0.737,-68.101440429688,-4.8397216796875,70.754028320312,
0.7375,-62.495971679688,-14.449096679688,74.677856445312,
0.738,-50.644409179688,-27.221557617188,75.718872070312,
0.7385,-39.353393554688,-37.231323242188,75.038208007812,
0.739,-30.464721679688,-45.999877929688,74.357543945312,
0.7395,-16.971557617188,-56.690307617188,73.236450195312,
0.74,-6.7615966796875,-64.738159179688,71.114379882812,
0.7405,7.4923095703125,-69.943237304688,62.546020507812,
0.741,17.942504882812,-70.543823242188,52.816528320312,
0.7415,29.473754882812,-71.544799804688,41.965942382812,
0.742,42.846801757812,-72.986206054688,30.034301757812,
0.7425,50.053833007812,-75.268432617188,23.988403320312,
0.743,60.704223632812,-70.183471679688,8.4532470703125,
0.7435,63.987426757812,-66.339721679688,0.3253173828125,
0.744,69.232543945312,-56.890502929688,-14.248901367188,
0.7445,73.596801757812,-49.683471679688,-25.419799804688,
0.745,77.600708007812,-39.273315429688,-38.953002929688,
0.7455,77.961059570312,-28.783081054688,-48.322143554688,
0.746,74.918090820312,-19.894409179688,-53.206909179688,
0.7465,68.712036132812,-6.1209716796875,-59.653198242188,
0.747,62.786254882812,4.9698486328125,-64.057495117188,
0.7475,55.058715820312,18.783325195312,-69.823120117188,
0.748,46.049926757812,31.595825195312,-73.867065429688,
0.7485,38.442504882812,41.525512695312,-76.549682617188,
0.749,24.468872070312,48.852661132812,-70.984252929688,
0.7495,17.822387695312,52.015747070312,-68.061401367188,
0.75,1.9268798828125,61.344848632812,-62.616088867188,
0.7505,-8.3231201171875,67.190551757812,-59.012573242188,
0.751,-23.417846679688,73.516723632812,-50.724487304688,
0.7515,-35.069213867188,75.318481445312,-41.315307617188,
0.752,-42.676635742188,73.076293945312,-31.225463867188,
0.7525,-49.042846679688,67.991333007812,-20.494995117188,
0.753,-58.492065429688,67.510864257812,-9.9246826171875,
0.7535,-69.022338867188,63.426879882812,4.5294189453125,
0.754,-73.666870117188,56.740356445312,16.020629882812,
0.7545,-74.787963867188,46.490356445312,27.471801757812,
0.755,-73.867065429688,34.078247070312,38.522583007812,
0.7555,-74.307495117188,28.192504882812,44.848754882812,
0.756,-71.384643554688,12.497192382812,57.020629882812,
0.7565,-71.825073242188,5.1700439453125,64.748168945312,
0.757,-62.536010742188,-9.8846435546875,70.273559570312,
0.7575,-54.648315429688,-19.253784179688,71.835083007812,
0.758,-42.916870117188,-31.385620117188,72.355590820312,
0.7585,-32.186401367188,-41.995971679688,72.836059570312,
0.759,-24.018432617188,-50.604370117188,73.396606445312,
0.7595,-9.7244873046875,-61.655151367188,70.954223632812,
0.76,0.2852783203125,-65.699096679688,65.228637695312,
0.7605,13.578247070312,-69.022338867188,55.539184570312,
0.761,25.389770507812,-71.504760742188,46.210083007812,
0.7615,37.801879882812,-76.509643554688,38.162231445312,
0.762,49.453247070312,-75.628784179688,25.710083007812,
0.7625,55.258911132812,-75.909057617188,19.023559570312,
0.763,63.066528320312,-68.021362304688,3.4083251953125,
0.7635,64.828247070312,-61.815307617188,-5.3602294921875,
0.764,71.274536132812,-53.206909179688,-20.014526367188,
0.7645,76.159301757812,-44.718627929688,-32.426635742188,
0.765,77.440551757812,-34.788940429688,-42.756713867188,
0.7655,72.475708007812,-22.817260742188,-48.362182617188,
0.766,69.152465820312,-13.127807617188,-53.767456054688,
0.7665,63.266723632812,0.6456298828125,-60.413940429688,
0.767,57.941528320312,12.497192382812,-66.339721679688,
0.7675,50.614379882812,25.589965820312,-71.905151367188,
0.768,39.243286132812,37.601684570312,-73.226440429688,
0.7685,32.396606445312,43.687622070312,-72.906127929688,
0.769,17.822387695312,51.815551757812,-67.741088867188,
0.7695,11.135864257812,58.141723632812,-67.981323242188,
0.77,-5.0399169921875,67.991333007812,-62.776245117188,
0.7705,-16.010620117188,74.157348632812,-58.612182617188,
0.771,-28.262573242188,74.878051757812,-47.361206054688,
0.7715,-37.791870117188,72.635864257812,-36.190307617188,
0.772,-44.718627929688,71.434692382812,-27.782104492188,
0.7725,-54.808471679688,68.591918945312,-15.369995117188,
0.773,-63.416870117188,67.430786132812,-4.9998779296875,
0.7735,-70.183471679688,60.103637695312,9.0538330078125,
0.774,-70.463745117188,50.614379882812,18.903442382812,
0.7745,-70.663940429688,40.844848632812,28.873168945312,
0.775,-70.383666992188,27.872192382812,41.125122070312,
0.7755,-72.745971679688,23.547973632812,47.771606445312,
0.776,-68.902221679688,7.6925048828125,59.302856445312,
0.7765,-65.859252929688,0.4053955078125,63.466918945312,
0.777,-55.889526367188,-13.448120117188,67.230590820312,
0.7775,-47.641479492188,-23.978393554688,69.793090820312,
0.778,-38.312377929688,-36.951049804688,73.476684570312,
0.7785,-27.742065429688,-48.161987304688,74.918090820312,
0.779,-20.094604492188,-54.127807617188,73.316528320312,
0.7795,-6.1610107421875,-61.575073242188,67.550903320312,
0.78,4.4093017578125,-64.457885742188,60.143676757812,
0.7805,16.941528320312,-67.661010742188,50.894653320312,
0.781,31.075317382812,-72.225463867188,41.365356445312,
0.7815,41.045043945312,-76.629760742188,35.079223632812,
0.782,50.414184570312,-71.424682617188,20.785278320312,
0.7825,53.817504882812,-68.621948242188,13.738403320312,
0.783,61.505004882812,-61.214721679688,-1.3162841796875,
0.7835,66.149536132812,-55.929565429688,-11.406127929688,
0.784,72.956176757812,-47.761596679688,-26.220581054688,
0.7845,76.079223632812,-37.551635742188,-38.392456054688,
0.785,73.796997070312,-29.103393554688,-44.037963867188,
0.7855,68.271606445312,-15.690307617188,-50.644409179688,
0.786,66.229614257812,-5.8006591796875,-57.971557617188,
0.7865,61.424926757812,9.0538330078125,-67.140502929688,
0.787,55.138793945312,21.105590820312,-72.786010742188,
0.7875,46.730590820312,32.356567382812,-75.708862304688,
0.788,32.676879882812,42.286254882812,-72.465698242188,
0.7885,27.391723632812,45.329223632812,-70.623901367188,
0.789,10.935668945312,56.259887695312,-66.299682617188,
0.7895,3.1280517578125,63.426879882812,-66.339721679688,
0.79,-12.807495117188,70.353637695312,-58.211791992188,
0.7905,-23.217651367188,72.555786132812,-50.564331054688,
0.791,-33.747924804688,71.114379882812,-38.472534179688,
0.7915,-42.556518554688,68.151489257812,-27.421752929688,
0.792,-50.043823242188,68.151489257812,-19.373901367188,
0.7925,-62.175659179688,65.949340820312,-5.2801513671875,
0.793,-67.460815429688,61.505004882812,4.9698486328125,
0.7935,-69.743041992188,51.455200195312,17.301879882812,
0.794,-70.503784179688,41.165161132812,28.192504882812,
0.7945,-73.626831054688,34.198364257812,38.362426757812,
0.795,-72.225463867188,20.905395507812,49.733520507812,
0.7955,-74.707885742188,15.660278320312,57.421020507812,
0.796,-67.741088867188,-0.1551513671875,65.789184570312,
0.7965,-60.894409179688,-8.1229248046875,66.830200195312,
0.797,-51.244995117188,-21.776245117188,70.954223632812,
0.7975,-41.675659179688,-34.148315429688,74.237426757812,
0.798,-33.747924804688,-44.078002929688,76.199340820312,
0.7985,-20.374877929688,-54.448120117188,74.117309570312,
0.799,-11.245971679688,-58.972534179688,69.672973632812,
0.7995,2.1671142578125,-63.496948242188,61.545043945312,
0.8,13.658325195312,-67.020385742188,53.737426757812,
0.8005,26.310668945312,-71.985229492188,45.849731445312,
0.801,40.484497070312,-74.467651367188,34.198364257812,
0.8015,45.969848632812,-75.388549804688,28.953247070312,
0.802,55.379028320312,-68.581909179688,13.097778320312,
0.8025,59.222778320312,-66.019409179688,5.9307861328125,
0.803,67.671020507812,-58.852416992188,-9.6444091796875,
0.8035,75.078247070312,-53.967651367188,-21.696166992188,
0.804,77.680786132812,-43.757690429688,-34.148315429688,
0.8045,75.198364257812,-31.786010742188,-42.636596679688,
0.805,72.555786132812,-23.618041992188,-47.601440429688,
0.8055,67.951293945312,-9.2840576171875,-56.450073242188,
0.806,65.468872070312,1.0059814453125,-63.577026367188,
0.8065,58.261840820312,15.460083007812,-70.423706054688,
0.807,48.732543945312,26.150512695312,-71.785034179688,
0.8075,39.883911132812,34.758911132812,-71.785034179688,
0.808,25.269653320312,44.568481445312,-67.981323242188,
0.8085,20.024536132812,50.414184570312,-69.062377929688,
0.809,3.2481689453125,61.865356445312,-64.978393554688,
0.8095,-5.1600341796875,67.110473632812,-62.295776367188,
0.81,-19.093627929688,70.433715820312,-52.245971679688,
0.8105,-29.223510742188,70.353637695312,-42.556518554688,
0.811,-39.673706054688,71.354614257812,-32.867065429688,
0.8115,-49.323120117188,69.512817382812,-21.896362304688,
0.812,-58.572143554688,70.313598632812,-12.847534179688,
0.8125,-67.540893554688,65.188598632812,1.1260986328125,
0.813,-69.182495117188,57.140747070312,11.175903320312,
0.8135,-70.663940429688,47.531372070312,22.226684570312,
0.814,-72.545776367188,35.960083007812,35.359497070312,
0.8145,-75.909057617188,31.235473632812,43.407348632812,
0.815,-71.504760742188,16.140747070312,53.737426757812,
0.8155,-69.823120117188,9.8145751953125,58.301879882812,
0.816,-61.174682617188,-5.2000732421875,64.227661132812,
0.8165,-54.528198242188,-15.249877929688,67.711059570312,
0.817,-45.239135742188,-28.823120117188,71.915161132812,
0.8175,-34.588745117188,-41.595581054688,74.797973632812,
0.818,-27.581909179688,-47.281127929688,73.516723632812,
0.8185,-13.648315429688,-55.008666992188,68.191528320312,
0.819,-3.9188232421875,-60.534057617188,64.187622070312,
0.8195,10.735473632812,-67.781127929688,57.300903320312,
0.82,23.187622070312,-72.866088867188,50.093872070312,
0.8205,35.479614257812,-78.191284179688,42.566528320312,
0.821,44.888793945312,-73.827026367188,29.193481445312,
0.8215,48.932739257812,-72.265502929688,22.867309570312,
0.822,59.142700195312,-66.059448242188,6.6915283203125,
0.8225,65.028442382812,-64.097534179688,-1.7166748046875,
0.823,72.075317382812,-55.609252929688,-17.091674804688,
0.8235,75.598754882812,-47.201049804688,-28.462768554688,
0.824,74.397583007812,-36.430541992188,-37.751831054688,
0.8245,68.832153320312,-23.698120117188,-43.997924804688,
0.825,67.871215820312,-16.010620117188,-50.244018554688,
0.8255,64.347778320312,-0.4354248046875,-61.294799804688,
0.826,60.303833007812,10.295043945312,-67.500854492188,
0.8265,50.934692382812,22.907348632812,-70.543823242188,
0.827,39.243286132812,33.878051757812,-70.543823242188,
0.8275,32.516723632812,41.605590820312,-71.785034179688,
0.828,17.421997070312,52.936645507812,-69.182495117188,
0.8285,10.975708007812,61.064575195312,-71.384643554688,
0.829,-5.1199951171875,69.632934570312,-64.818237304688,
0.8295,-14.248901367188,70.673950195312,-57.330932617188,
0.83,-26.620971679688,72.155395507812,-46.760620117188,
0.8305,-38.512573242188,72.355590820312,-35.469604492188,
0.831,-46.200073242188,73.236450195312,-28.222534179688,
0.8315,-57.811401367188,71.034301757812,-14.649291992188,
0.832,-62.936401367188,67.230590820312,-5.2801513671875,
0.8325,-66.820190429688,57.941528320312,7.8126220703125,
0.833,-68.541870117188,48.692504882812,18.863403320312,
0.8335,-72.385620117188,40.844848632812,30.594848632812,
0.834,-73.346557617188,28.152465820312,43.847778320312,
0.8345,-75.188354492188,24.028442382812,49.733520507812,
0.835,-68.341674804688,7.5723876953125,58.982543945312,
0.8355,-64.097534179688,0.6055908203125,61.505004882812,
0.836,-56.089721679688,-14.409057617188,68.351684570312,
0.8365,-49.643432617188,-27.181518554688,74.878051757812,
0.837,-40.954956054688,-39.473510742188,79.122192382812,
0.8375,-28.703002929688,-48.081909179688,75.718872070312,
0.838,-20.254760742188,-53.767456054688,73.036254882812,
0.8385,-5.2801513671875,-60.494018554688,65.588989257812,
0.839,5.1300048828125,-66.259643554688,61.344848632812,
0.8395,19.904418945312,-72.745971679688,53.176879882812,
0.84,32.516723632812,-75.949096679688,43.847778320312,
0.8405,40.484497070312,-76.469604492188,36.160278320312,
0.841,48.692504882812,-69.342651367188,20.665161132812,
0.8415,53.657348632812,-68.501831054688,14.218872070312,
0.842,64.628051757812,-62.896362304688,-2.2371826171875,
0.8425,71.274536132812,-59.933471679688,-12.126831054688,
0.843,75.919067382812,-50.244018554688,-26.060424804688,
0.8435,74.918090820312,-38.472534179688,-36.110229492188,
0.844,73.596801757812,-29.744018554688,-43.077026367188,
0.8445,68.712036132812,-16.651245117188,-50.484252929688,
0.845,69.753051757812,-7.4022216796875,-60.093627929688,
0.8455,65.108520507812,8.2930908203125,-70.343627929688,
0.846,56.860473632812,18.623168945312,-72.225463867188,
0.8465,46.610473632812,28.512817382812,-72.025268554688,
0.847,32.716918945312,40.444458007812,-70.984252929688,
0.8475,27.671997070312,46.650512695312,-72.425659179688,
0.848,10.775512695312,59.663208007812,-69.823120117188,
0.8485,3.6085205078125,64.748168945312,-68.301635742188,
0.849,-10.885620117188,68.832153320312,-58.772338867188,
0.8495,-21.015502929688,69.272583007812,-49.603393554688,
0.85,-32.706909179688,70.954223632812,-39.433471679688,
0.8505,-44.838745117188,71.114379882812,-28.062377929688,
0.851,-52.406127929688,72.235473632812,-20.975463867188,
0.8515,-62.816284179688,67.590942382812,-6.2410888671875,
0.852,-65.619018554688,61.745239257812,2.9678955078125,
0.8525,-69.062377929688,52.095825195312,16.020629882812,
0.853,-72.906127929688,43.247192382812,28.632934570312,
0.8535,-78.631713867188,37.441528320312,40.164184570312,
0.854,-76.109252929688,22.987426757812,51.575317382812,
0.8545,-75.949096679688,17.181762695312,57.180786132812,
0.855,-67.300659179688,0.6456298828125,64.628051757812,
0.8555,-62.375854492188,-7.4022216796875,67.590942382812,
0.856,-53.527221679688,-22.456909179688,73.716918945312,
0.8565,-44.278198242188,-35.389526367188,78.441528320312,
0.857,-35.629760742188,-43.397338867188,77.600708007812,
0.8575,-20.935424804688,-51.244995117188,71.354614257812,
0.858,-12.447143554688,-57.050659179688,68.872192382812,
0.8585,3.1680908203125,-65.218627929688,62.145629882812,
0.859,14.739379882812,-71.264526367188,56.820434570312,
0.8595,28.152465820312,-75.989135742188,48.011840820312,
0.86,39.923950195312,-74.828002929688,35.159301757812,
0.8605,44.608520507812,-73.546752929688,28.512817382812,
0.861,56.460083007812,-68.501831054688,11.896606445312,
0.8615,63.226684570312,-68.942260742188,4.8096923828125,
0.862,73.276489257812,-62.495971679688,-11.406127929688,
0.8625,77.480590820312,-55.689331054688,-22.296752929688,
0.863,77.320434570312,-44.358276367188,-33.067260742188,
0.8635,73.997192382812,-30.744995117188,-42.556518554688,
0.864,73.036254882812,-23.618041992188,-48.041870117188,
0.8645,69.873168945312,-8.2830810546875,-59.132690429688,
0.865,67.390747070312,1.5665283203125,-65.859252929688,
0.8655,58.902465820312,15.740356445312,-71.064331054688,
0.866,47.811645507812,25.990356445312,-70.503784179688,
0.8665,39.443481445312,35.559692382812,-72.065307617188,
0.867,24.709106445312,47.531372070312,-70.303588867188,
0.8675,20.545043945312,52.816528320312,-71.985229492188,
0.868,3.3282470703125,63.306762695312,-66.459838867188,
0.8685,-4.5594482421875,65.989379882812,-61.815307617188,
0.869,-18.733276367188,69.833129882812,-52.085815429688,
0.8695,-30.664916992188,72.755981445312,-43.557495117188,
0.87,-42.036010742188,75.919067382812,-34.989135742188,
0.8705,-51.885620117188,73.396606445312,-23.177612304688,
0.871,-58.572143554688,72.235473632812,-14.769409179688,
0.8715,-65.058471679688,64.067504882812,-0.3953857421875,
0.872,-68.742065429688,57.821411132812,9.9747314453125,
0.8725,-72.906127929688,48.852661132812,23.067504882812,
0.873,-75.788940429688,37.921997070312,36.600708007812,
0.8735,-78.071166992188,32.676879882812,44.088012695312,
0.874,-71.264526367188,15.420043945312,54.137817382812,
0.8745,-69.382690429688,9.9346923828125,57.621215820312,
0.875,-61.535034179688,-6.5614013671875,65.949340820312,
0.8755,-57.290893554688,-16.691284179688,71.714965820312,
0.876,-47.921752929688,-30.624877929688,76.559692382812,
0.8765,-36.190307617188,-41.115112304688,75.879028320312,
0.877,-28.823120117188,-45.399291992188,72.796020507812,
0.8775,-13.728393554688,-54.648315429688,67.791137695312,
0.878,-4.1590576171875,-62.536010742188,66.349731445312,
0.8785,11.896606445312,-72.826049804688,61.104614257812,
0.879,23.668090820312,-75.828979492188,52.376098632812,
0.8795,33.597778320312,-76.950073242188,43.167114257812,
0.88,44.328247070312,-72.465698242188,28.232543945312,
0.8805,47.971801757812,-71.985229492188,23.267700195312,
0.881,61.144653320312,-67.460815429688,5.9307861328125,
0.8815,67.550903320312,-66.219604492188,-2.3572998046875,
0.882,72.755981445312,-56.650268554688,-16.931518554688,
0.8825,72.836059570312,-46.119995117188,-27.061401367188,
0.883,73.516723632812,-35.789916992188,-37.511596679688,
0.8835,71.114379882812,-22.577026367188,-47.321166992188,
0.884,71.634887695312,-15.369995117188,-54.287963867188,
0.8845,67.911254882812,0.6456298828125,-65.498901367188,
0.885,61.464965820312,10.295043945312,-68.221557617188,
0.8855,50.894653320312,22.026489257812,-69.342651367188,
0.886,39.803833007812,34.558715820312,-71.424682617188,
0.8865,34.558715820312,44.168090820312,-76.029174804688,
0.887,18.422973632812,55.899536132812,-72.906127929688,
0.8875,12.777465820312,61.785278320312,-73.827026367188,
0.888,-4.1590576171875,67.871215820312,-64.057495117188,
0.8885,-12.407104492188,68.752075195312,-57.290893554688,
0.889,-27.061401367188,73.196411132812,-47.401245117188,
0.8895,-40.314331054688,76.119262695312,-37.311401367188,
0.89,-47.281127929688,76.159301757812,-29.984252929688,
0.8905,-56.249877929688,69.632934570312,-15.089721679688,
0.891,-60.253784179688,65.588989257812,-6.4412841796875,
0.8915,-66.539916992188,56.940551757812,8.4132080078125,
0.892,-71.624877929688,50.213989257812,20.344848632812,
0.8925,-77.670776367188,42.886840820312,33.717895507812,
0.893,-75.828979492188,29.593872070312,44.808715820312,
0.8935,-75.308471679688,24.028442382812,49.773559570312,
0.894,-68.181518554688,6.0108642578125,60.223754882812,
0.8945,-66.900268554688,-0.5955810546875,65.348754882812,
0.895,-59.733276367188,-17.211791992188,74.757934570312,
0.8955,-53.327026367188,-29.583862304688,81.004028320312,
0.896,-42.756713867188,-39.513549804688,80.243286132812,
0.8965,-29.063354492188,-46.119995117188,73.997192382812,
0.897,-20.134643554688,-53.407104492188,72.555786132812,
0.8975,-3.8387451171875,-65.018432617188,68.792114257812,
0.898,6.9718017578125,-71.704956054688,64.868286132812,
0.8985,21.105590820312,-77.350463867188,56.299926757812,
0.899,32.156372070312,-75.588745117188,43.647583007812,
0.8995,39.163208007812,-74.427612304688,34.959106445312,
0.9,49.813598632812,-69.262573242188,19.263793945312,
0.9005,56.620239257812,-71.344604492188,13.458129882812,
0.901,69.312622070312,-66.139526367188,-4.1590576171875,
0.9015,72.876098632812,-61.174682617188,-12.967651367188,
0.902,74.998168945312,-49.923706054688,-25.980346679688,
0.9025,74.437622070312,-37.831909179688,-36.630737304688,
0.903,76.519653320312,-29.383666992188,-46.480346679688,
0.9035,73.837036132812,-15.329956054688,-56.410034179688,
0.904,73.716918945312,-6.5614013671875,-64.017456054688,
0.9045,65.148559570312,8.7335205078125,-70.103393554688,
0.905,56.139770507812,18.543090820312,-70.744018554688,
0.9055,46.089965820312,29.713989257812,-71.945190429688,
0.906,32.997192382812,43.567504882812,-73.746948242188,
0.9065,29.033325195312,50.574340820312,-77.310424804688,
0.907,10.375122070312,61.224731445312,-70.703979492188,
0.9075,4.6495361328125,63.066528320312,-67.460815429688,
0.908,-11.526245117188,68.071411132812,-57.210815429688,
0.9085,-22.216674804688,71.835083007812,-50.844604492188,
0.909,-36.030151367188,76.079223632812,-41.155151367188,
0.9095,-47.120971679688,75.438598632812,-29.944213867188,
0.91,-51.885620117188,73.196411132812,-22.456909179688,
0.9105,-60.854370117188,65.949340820312,-6.7215576171875,
0.911,-65.779174804688,61.985473632812,2.8477783203125,
0.9115,-73.666870117188,54.458129882812,18.102661132812,
0.912,-78.071166992188,45.849731445312,31.035278320312,
0.9125,-81.394409179688,39.523559570312,41.005004882812,
0.913,-75.028198242188,23.347778320312,50.013793945312,
0.9135,-73.867065429688,17.542114257812,54.658325195312,
0.914,-67.340698242188,-0.4754638671875,65.629028320312,
0.9145,-64.497924804688,-8.7635498046875,70.994262695312,
0.915,-56.009643554688,-24.058471679688,78.281372070312,
0.9155,-45.078979492188,-35.469604492188,79.362426757812,
0.916,-35.910034179688,-41.835815429688,75.919067382812,
0.9165,-20.174682617188,-51.084838867188,70.313598632812,
0.917,-11.486206054688,-58.972534179688,69.793090820312,
0.9175,4.8497314453125,-70.063354492188,65.188598632812,
0.918,15.980590820312,-74.587768554688,58.622192382812,
0.9185,27.551879882812,-75.989135742188,48.332153320312,
0.919,39.923950195312,-74.707885742188,34.718872070312,
0.9195,46.330200195312,-76.269409179688,28.953247070312,
0.92,60.423950195312,-72.385620117188,11.175903320312,
0.9205,67.510864257812,-74.187377929688,4.9298095703125,
0.921,74.717895507812,-64.658081054688,-11.526245117188,
0.9215,75.558715820312,-56.570190429688,-20.294799804688,
0.922,76.719848632812,-44.998901367188,-32.426635742188,
0.9225,76.559692382812,-31.986206054688,-43.957885742188,
0.923,77.440551757812,-24.939331054688,-50.684448242188,
0.9235,72.635864257812,-8.4832763671875,-60.734252929688,
0.924,68.511840820312,0.3253173828125,-64.417846679688,
0.9245,58.221801757812,14.659301757812,-67.901245117188,
0.925,49.012817382812,25.710083007812,-69.983276367188,
0.9255,41.765747070312,37.161254882812,-74.507690429688,
0.926,26.430786132812,49.853637695312,-73.506713867188,
0.9265,22.707153320312,53.176879882812,-73.827026367188,
0.927,4.4093017578125,61.945434570312,-65.739135742188,
0.9275,-2.4774169921875,64.387817382812,-62.135620117188,
0.928,-18.533081054688,71.194458007812,-53.767456054688,
0.9285,-31.545776367188,76.559692382812,-46.320190429688,
0.929,-42.436401367188,79.002075195312,-37.471557617188,
0.9295,-50.564331054688,72.876098632812,-24.218627929688,
0.93,-56.209838867188,70.794067382812,-16.010620117188,
0.9305,-65.418823242188,64.467895507812,-0.6356201171875,
0.931,-70.864135742188,59.583129882812,10.174926757812,
0.9315,-76.229370117188,51.575317382812,23.427856445312,
0.932,-76.749877929688,39.403442382812,35.920043945312,
0.9325,-76.029174804688,33.637817382812,41.005004882812,
0.933,-69.222534179688,16.661254882812,50.854614257812,
0.9335,-70.303588867188,11.296020507812,57.140747070312,
0.934,-64.537963867188,-6.4012451171875,68.712036132812,
0.9345,-60.173706054688,-16.090698242188,73.997192382812,
0.935,-50.003784179688,-28.703002929688,76.719848632812,
0.9355,-37.191284179688,-39.033081054688,74.597778320312,
0.936,-30.544799804688,-45.119018554688,73.997192382812,
0.9365,-14.248901367188,-57.571166992188,70.994262695312,
0.937,-5.6004638671875,-65.899291992188,70.794067382812,
0.9375,10.415161132812,-73.827026367188,63.146606445312,
0.938,20.625122070312,-74.027221679688,53.176879882812,
0.9385,30.835083007812,-74.467651367188,43.087036132812,
0.939,43.807739257812,-72.745971679688,28.512817382812,
0.9395,49.933715820312,-75.548706054688,24.268676757812,
0.94,62.586059570312,-69.342651367188,5.5303955078125,
0.9405,65.468872070312,-66.459838867188,-0.9959716796875,
0.941,69.713012695312,-55.128784179688,-16.090698242188,
0.9415,72.035278320312,-46.640502929688,-26.420776367188,
0.942,75.558715820312,-36.670776367188,-38.712768554688,
0.9425,74.757934570312,-23.377807617188,-49.483276367188,
0.943,73.997192382812,-16.050659179688,-54.448120117188,
0.9435,66.469848632812,0.8458251953125,-62.055541992188,
0.944,61.304809570312,10.535278320312,-65.378784179688,
0.9445,52.536254882812,23.708129882812,-70.183471679688,
0.945,42.926879882812,36.160278320312,-74.307495117188,
0.9455,37.801879882812,45.129028320312,-79.552612304688,
0.946,20.625122070312,54.097778320312,-72.786010742188,
0.9465,15.339965820312,56.259887695312,-70.583862304688,
0.947,-2.4774169921875,65.148559570312,-63.256713867188,
0.9475,-11.245971679688,69.192504882812,-59.252807617188,
0.948,-26.260620117188,75.879028320312,-51.244995117188,
0.9485,-38.953002929688,77.200317382812,-40.234252929688,
0.949,-43.837768554688,74.197387695312,-32.186401367188,
0.9495,-51.845581054688,66.429809570312,-17.011596679688,
0.95,-58.331909179688,65.148559570312,-8.6033935546875,
0.9505,-68.942260742188,60.143676757812,7.0518798828125,
0.951,-74.307495117188,54.057739257812,18.703247070312,
0.9515,-77.270385742188,46.049926757812,29.754028320312,
0.952,-73.827026367188,31.115356445312,40.964965820312,
0.9525,-73.346557617188,27.231567382812,44.368286132812,
0.953,-69.102416992188,8.8135986328125,58.221801757812,
0.9535,-71.264526367188,2.9678955078125,66.069458007812,
0.954,-63.496948242188,-13.608276367188,74.677856445312,
0.9545,-55.889526367188,-23.417846679688,77.280395507812,
0.955,-44.838745117188,-33.387573242188,76.079223632812,
0.9555,-31.185424804688,-43.036987304688,72.675903320312,
0.956,-24.939331054688,-50.564331054688,74.037231445312,
0.9565,-7.4822998046875,-63.897338867188,70.754028320312,
0.957,1.0059814453125,-68.301635742188,66.830200195312,
0.9575,14.659301757812,-70.543823242188,55.699340820312,
0.958,25.429809570312,-70.223510742188,44.688598632812,
0.9585,35.599731445312,-74.147338867188,37.281372070312,
0.959,48.812622070312,-71.264526367188,21.946411132812,
0.9595,55.579223632812,-74.507690429688,17.462036132812,
0.96,65.228637695312,-66.019409179688,-0.5155029296875,
0.9605,66.229614257812,-60.694213867188,-7.4022216796875,
0.961,71.194458007812,-50.844604492188,-21.696166992188,
0.9615,74.918090820312,-41.155151367188,-33.988159179688,
0.962,78.921997070312,-33.707885742188,-44.558471679688,
0.9625,74.437622070312,-19.173706054688,-52.926635742188,
0.963,71.795043945312,-11.245971679688,-56.970581054688,
0.9635,63.587036132812,4.2491455078125,-63.096557617188,
0.964,57.300903320312,14.859497070312,-66.940307617188,
0.9645,50.093872070312,27.311645507812,-72.345581054688,
0.965,37.281372070312,40.764770507812,-74.307495117188,
0.9655,32.957153320312,45.249145507812,-75.028198242188,
0.966,15.179809570312,52.656372070312,-66.179565429688,
0.9665,9.9346923828125,55.379028320312,-64.457885742188,
0.967,-7.3221435546875,64.668090820312,-57.931518554688,
0.9675,-18.653198242188,71.114379882812,-53.647338867188,
0.968,-31.105346679688,74.517700195312,-44.678588867188,
0.9685,-41.995971679688,71.875122070312,-31.745971679688,
0.969,-45.519409179688,69.753051757812,-25.780151367188,
0.9695,-55.809448242188,64.147583007812,-10.365112304688,
0.97,-63.577026367188,63.747192382812,-1.5565185546875,
0.9705,-73.426635742188,57.941528320312,14.098754882812,
0.971,-75.028198242188,49.172973632812,24.548950195312,
0.9715,-75.668823242188,41.165161132812,33.197387695312,
0.972,-70.824096679688,25.910278320312,43.287231445312,
0.9725,-73.066284179688,22.146606445312,49.253051757812,
0.973,-68.141479492188,3.6085205078125,62.505981445312,
0.9735,-67.140502929688,-2.9178466796875,67.831176757812,
0.974,-56.770385742188,-16.811401367188,71.234497070312,
0.9745,-46.520385742188,-26.701049804688,71.114379882812,
0.975,-38.152221679688,-36.230346679688,72.395629882812,
0.9755,-24.018432617188,-46.720581054688,69.432739257812,
0.976,-17.371948242188,-55.729370117188,71.875122070312,
0.9765,-0.6756591796875,-65.739135742188,65.949340820312,
0.977,7.8126220703125,-67.620971679688,59.463012695312,
0.9775,19.864379882812,-69.582885742188,49.533325195312,
0.978,33.317504882812,-71.744995117188,38.202270507812,
0.9785,42.326293945312,-76.709838867188,33.437622070312,
0.979,54.378051757812,-71.905151367188,16.861450195312,
0.9795,58.341918945312,-71.464721679688,11.496215820312,
0.98,65.989379882812,-62.576049804688,-4.8797607421875,
0.9805,68.471801757812,-56.129760742188,-13.928588867188,
0.981,73.636840820312,-47.721557617188,-26.941284179688,
0.9815,75.518676757812,-35.069213867188,-40.074096679688,
0.982,75.838989257812,-28.983276367188,-45.399291992188,
0.9825,68.631958007812,-12.447143554688,-53.367065429688,
0.983,65.789184570312,-4.5594482421875,-57.170776367188,
0.9835,58.702270507812,10.495239257812,-64.257690429688,
0.984,51.775512695312,21.866333007812,-68.742065429688,
0.9845,45.649536132812,32.877075195312,-73.827026367188,
0.985,29.954223632812,44.568481445312,-71.304565429688,
0.9855,26.590942382812,46.570434570312,-70.503784179688,
0.986,8.0128173828125,57.581176757812,-64.337768554688,
0.9865,1.7667236328125,63.066528320312,-64.618041992188,
0.987,-14.369018554688,71.074340820312,-57.411010742188,
0.9875,-26.060424804688,74.797973632812,-49.963745117188,
0.988,-35.229370117188,74.477661132812,-40.514526367188,
0.9885,-43.717651367188,68.391723632812,-26.580932617188,
0.989,-49.002807617188,68.471801757812,-20.895385742188,
0.9895,-61.695190429688,64.027465820312,-4.1190185546875,
0.99,-67.420776367188,61.344848632812,4.8096923828125,
0.9905,-70.703979492188,51.735473632812,17.742309570312,
0.991,-70.303588867188,40.364379882812,28.552856445312,
0.9915,-72.065307617188,34.478637695312,36.200317382812,
0.992,-68.181518554688,17.942504882812,48.572387695312,
0.9925,-72.065307617188,13.898559570312,56.339965820312,
0.993,-64.978393554688,-3.5985107421875,66.309692382812,
0.9935,-59.453002929688,-10.605346679688,67.751098632812,
0.994,-50.123901367188,-23.377807617188,71.274536132812,
0.9945,-38.672729492188,-35.589721679688,72.515747070312,
0.995,-33.347534179688,-43.717651367188,75.438598632812,
0.9955,-17.011596679688,-57.210815429688,73.276489257812,
0.996,-10.124877929688,-61.655151367188,70.954223632812,
0.9965,4.9298095703125,-66.820190429688,61.625122070312,
0.997,15.500122070312,-69.102416992188,53.497192382812,
0.9975,27.071411132812,-73.306518554688,45.809692382812,
0.998,42.005981445312,-74.027221679688,31.635864257812,
0.9985,46.490356445312,-75.949096679688,28.152465820312,
0.999,56.860473632812,-67.460815429688,9.5743408203125,
0.9995,58.261840820312,-63.777221679688,3.5684814453125,