Date,2021-01-19 23:06:42
Filename,STFCB-20201012-0105-0129_20210119_230504_002.dat
Data Label,벨트느슨함
Label No,04
Motor Spec,R-EF-05,1730,2.2,14,
Period,1SEC
Sample Rate,2000
RMS,2.42607,2.51509,2.42319,
Data Length,2000,
0,-2.5625,-0.720703125,2.6025390625,
0.0005,-2.962890625,-0.240234375,2.482421875,
0.001,-3.203125,0.560546875,2.0419921875,
0.0015,-3.283203125,1.28125,1.4013671875,
0.002,-3.203125,1.76171875,0.880859375,
0.0025,-3.123046875,2.2421875,0.3603515625,
0.003,-2.962890625,2.5625,-0.080078125,
0.0035,-2.5625,2.802734375,-0.6806640625,
0.004,-2.1220703125,3.0830078125,-1.44140625,
0.0045,-1.44140625,3.123046875,-2.162109375,
0.005,-1.0009765625,2.962890625,-2.40234375,
0.0055,-0.5205078125,2.8828125,-2.7626953125,
0.006,0,2.72265625,-3.123046875,
0.0065,0.720703125,2.2021484375,-3.283203125,
0.007,1.44140625,1.6015625,-3.4033203125,
0.0075,2.0419921875,0.9609375,-3.36328125,
0.008,2.3623046875,0.4404296875,-3.203125,
0.0085,2.642578125,-0.080078125,-3.0830078125,
0.009,2.962890625,-0.6005859375,-2.7626953125,
0.0095,3.203125,-1.361328125,-2.2822265625,
0.01,3.203125,-2.1220703125,-1.5615234375,
0.0105,3.0029296875,-2.4423828125,-1.041015625,
0.011,2.962890625,-2.9228515625,-0.5205078125,
0.0115,2.6826171875,-3.203125,0,
0.012,2.1220703125,-3.36328125,0.6806640625,
0.0125,1.6015625,-3.5634765625,1.4013671875,
0.013,0.9609375,-3.5634765625,2.0419921875,
0.0135,0.6005859375,-3.36328125,2.2021484375,
0.014,0.080078125,-3.203125,2.5224609375,
0.0145,-0.48046875,-2.962890625,2.802734375,
0.015,-1.2412109375,-2.3623046875,2.9228515625,
0.0155,-1.9619140625,-1.7216796875,3.0029296875,
0.016,-2.322265625,-1.201171875,2.802734375,
0.0165,-2.72265625,-0.720703125,2.6826171875,
0.017,-2.9228515625,-0.16015625,2.482421875,
0.0175,-3.1630859375,0.4404296875,2.08203125,
0.018,-3.36328125,1.201171875,1.5615234375,
0.0185,-3.283203125,1.921875,0.880859375,
0.019,-3.0830078125,2.1220703125,0.400390625,
0.0195,-3.04296875,2.5625,-0.080078125,
0.02,-2.72265625,2.8427734375,-0.640625,
0.0205,-2.1220703125,2.9228515625,-1.28125,
0.021,-1.6416015625,3.123046875,-1.9619140625,
0.0215,-1.041015625,3.0830078125,-2.4423828125,
0.022,-0.640625,2.9228515625,-2.6826171875,
0.0225,-0.16015625,2.72265625,-2.9228515625,
0.023,0.400390625,2.4423828125,-3.203125,
0.0235,1.1611328125,1.841796875,-3.4033203125,
0.024,1.8017578125,1.1611328125,-3.36328125,
0.0245,2.08203125,0.6806640625,-3.1630859375,
0.025,2.5625,0.240234375,-3.1630859375,
0.0255,2.802734375,-0.3203125,-2.8828125,
0.026,2.962890625,-0.9208984375,-2.4423828125,
0.0265,3.1630859375,-1.6416015625,-1.9619140625,
0.027,3.0830078125,-2.2822265625,-1.28125,
0.0275,2.8427734375,-2.5224609375,-0.8408203125,
0.028,2.802734375,-2.9228515625,-0.3603515625,
0.0285,2.5224609375,-3.203125,0.2001953125,
0.029,1.921875,-3.36328125,0.9609375,
0.0295,1.361328125,-3.4033203125,1.521484375,
0.03,0.880859375,-3.36328125,1.921875,
0.0305,0.4404296875,-3.3232421875,2.2421875,
0.031,0,-3.04296875,2.4423828125,
0.0315,-0.640625,-2.72265625,2.6826171875,
0.032,-1.4013671875,-2.2421875,2.8828125,
0.0325,-1.9619140625,-1.521484375,2.802734375,
0.033,-2.2421875,-1.041015625,2.6025390625,
0.0335,-2.6826171875,-0.6005859375,2.6025390625,
0.034,-2.962890625,0,2.3623046875,
0.0345,-3.0830078125,0.640625,1.8818359375,
0.035,-3.203125,1.28125,1.361328125,
0.0355,-3.1630859375,1.8818359375,0.720703125,
0.036,-3.0830078125,2.2021484375,0.3203125,
0.0365,-2.8427734375,2.5224609375,-0.2001953125,
0.037,-2.5224609375,2.802734375,-0.80078125,
0.0375,-1.921875,3.0029296875,-1.5615234375,
0.038,-1.361328125,2.962890625,-2.08203125,
0.0385,-0.9208984375,2.8427734375,-2.40234375,
0.039,-0.48046875,2.8828125,-2.8427734375,
0.0395,0.080078125,2.482421875,-3.0830078125,
0.04,0.7607421875,2.0419921875,-3.203125,
0.0405,1.44140625,1.5615234375,-3.36328125,
0.041,1.9619140625,0.9208984375,-3.2431640625,
0.0415,2.2421875,0.48046875,-3.0830078125,
0.042,2.6025390625,0,-3.04296875,
0.0425,2.9228515625,-0.640625,-2.6826171875,
0.043,3.04296875,-1.4013671875,-2.08203125,
0.0435,3.04296875,-1.921875,-1.6015625,
0.044,2.9228515625,-2.40234375,-1.0009765625,
0.0445,2.9228515625,-2.8427734375,-0.560546875,
0.045,2.5224609375,-3.04296875,0,
0.0455,2.1220703125,-3.283203125,0.6806640625,
0.046,1.521484375,-3.4833984375,1.4013671875,
0.0465,1.041015625,-3.4033203125,1.841796875,
0.047,0.6005859375,-3.2431640625,2.0419921875,
0.0475,0.16015625,-3.2431640625,2.4423828125,
0.048,-0.5205078125,-2.8427734375,2.6826171875,
0.0485,-1.28125,-2.2421875,2.7626953125,
0.049,-1.8017578125,-1.76171875,2.8427734375,
0.0495,-2.2822265625,-1.12109375,2.72265625,
0.05,-2.6025390625,-0.6806640625,2.642578125,
0.0505,-2.8828125,-0.16015625,2.40234375,
0.051,-3.203125,0.48046875,2.0419921875,
0.0515,-3.283203125,1.3212890625,1.4013671875,
0.052,-3.1630859375,1.76171875,0.880859375,
0.0525,-3.04296875,2.162109375,0.3203125,
0.053,-3.04296875,2.6025390625,-0.080078125,
0.0535,-2.5625,2.802734375,-0.7607421875,
0.054,-2.0419921875,3.0029296875,-1.44140625,
0.0545,-1.4814453125,3.123046875,-2.08203125,
0.055,-1.0009765625,3.0029296875,-2.4423828125,
0.0555,-0.6005859375,2.802734375,-2.6826171875,
0.056,-0.0400390625,2.6826171875,-3.04296875,
0.0565,0.640625,2.2421875,-3.283203125,
0.057,1.44140625,1.5615234375,-3.36328125,
0.0575,1.921875,1.0810546875,-3.283203125,
0.058,2.322265625,0.5205078125,-3.203125,
0.0585,2.6826171875,0.0400390625,-3.123046875,
0.059,2.8828125,-0.6005859375,-2.72265625,
0.0595,3.1630859375,-1.28125,-2.322265625,
0.06,3.2431640625,-2.08203125,-1.6015625,
0.0605,3.04296875,-2.4423828125,-1.12109375,
0.061,2.8828125,-2.7626953125,-0.6005859375,
0.0615,2.802734375,-3.203125,-0.080078125,
0.062,2.2021484375,-3.4033203125,0.6806640625,
0.0625,1.5615234375,-3.5634765625,1.4013671875,
0.063,1.0810546875,-3.5634765625,1.921875,
0.0635,0.6005859375,-3.5234375,2.2421875,
0.064,0.1201171875,-3.283203125,2.5224609375,
0.0645,-0.5205078125,-2.9228515625,2.802734375,
0.065,-1.2412109375,-2.482421875,3.04296875,
0.0655,-2.0419921875,-1.681640625,3.04296875,
0.066,-2.322265625,-1.1611328125,2.8427734375,
0.0665,-2.7626953125,-0.640625,2.72265625,
0.067,-3.123046875,-0.16015625,2.6025390625,
0.0675,-3.2431640625,0.6005859375,2.0419921875,
0.068,-3.4833984375,1.3212890625,1.5615234375,
0.0685,-3.4833984375,2.08203125,0.80078125,
0.069,-3.203125,2.40234375,0.2802734375,
0.0695,-3.04296875,2.6826171875,-0.2001953125,
0.07,-2.7626953125,3.04296875,-0.80078125,
0.0705,-2.1220703125,3.2431640625,-1.5615234375,
0.071,-1.44140625,3.3232421875,-2.3623046875,
0.0715,-0.9208984375,3.123046875,-2.6826171875,
0.072,-0.48046875,3.04296875,-3.0830078125,
0.0725,0.0400390625,2.8427734375,-3.283203125,
0.073,0.7607421875,2.322265625,-3.443359375,
0.0735,1.521484375,1.8017578125,-3.68359375,
0.074,2.3623046875,0.9609375,-3.6435546875,
0.0745,2.5224609375,0.48046875,-3.3232421875,
0.075,2.8828125,-0.080078125,-3.203125,
0.0755,3.203125,-0.640625,-3.0029296875,
0.076,3.3232421875,-1.44140625,-2.2822265625,
0.0765,3.443359375,-2.2021484375,-1.681640625,
0.077,3.283203125,-2.802734375,-1.0009765625,
0.0775,3.123046875,-3.0830078125,-0.5205078125,
0.078,2.802734375,-3.36328125,0.0400390625,
0.0785,2.40234375,-3.603515625,0.6806640625,
0.079,1.76171875,-3.84375,1.521484375,
0.0795,0.9609375,-3.84375,2.2421875,
0.08,0.560546875,-3.603515625,2.40234375,
0.0805,0.0400390625,-3.4833984375,2.802734375,
0.081,-0.5205078125,-3.1630859375,3.0029296875,
0.0815,-1.28125,-2.5224609375,3.0830078125,
0.082,-1.9619140625,-1.9619140625,3.2431640625,
0.0825,-2.6826171875,-1.1611328125,3.1630859375,
0.083,-2.8427734375,-0.640625,2.8427734375,
0.0835,-3.1630859375,-0.1201171875,2.6826171875,
0.084,-3.4833984375,0.48046875,2.40234375,
0.0845,-3.5634765625,1.28125,1.6416015625,
0.085,-3.5634765625,1.9619140625,0.9609375,
0.0855,-3.36328125,2.482421875,0.3203125,
0.086,-3.2431640625,2.8427734375,-0.1201171875,
0.0865,-2.8828125,3.04296875,-0.6806640625,
0.087,-2.40234375,3.2431640625,-1.361328125,
0.0875,-1.76171875,3.36328125,-2.2021484375,
0.088,-1.0009765625,3.3232421875,-2.802734375,
0.0885,-0.6005859375,3.123046875,-2.9228515625,
0.089,-0.080078125,3.04296875,-3.36328125,
0.0895,0.560546875,2.6826171875,-3.5634765625,
0.09,1.28125,1.921875,-3.603515625,
0.0905,1.9619140625,1.361328125,-3.7236328125,
0.091,2.5625,0.6005859375,-3.5634765625,
0.0915,2.802734375,0.1201171875,-3.283203125,
0.092,3.04296875,-0.400390625,-3.04296875,
0.0925,3.3232421875,-1.041015625,-2.72265625,
0.093,3.443359375,-1.9619140625,-1.9619140625,
0.0935,3.36328125,-2.5224609375,-1.28125,
0.094,3.123046875,-2.9228515625,-0.6806640625,
0.0945,3.0830078125,-3.36328125,-0.2001953125,
0.095,2.5625,-3.5634765625,0.4404296875,
0.0955,1.9619140625,-3.7236328125,1.1611328125,
0.096,1.3212890625,-3.8837890625,1.921875,
0.0965,0.720703125,-3.763671875,2.40234375,
0.097,0.2802734375,-3.4833984375,2.5224609375,
0.0975,-0.2001953125,-3.36328125,2.8828125,
0.098,-0.9208984375,-2.8828125,3.1630859375,
0.0985,-1.76171875,-2.1220703125,3.203125,
0.099,-2.322265625,-1.5615234375,3.1630859375,
0.0995,-2.802734375,-0.8408203125,3.0029296875,
0.1,-3.0830078125,-0.3603515625,2.8427734375,
0.1005,-3.283203125,0.240234375,2.482421875,
0.101,-3.5634765625,0.9609375,2.0419921875,
0.1015,-3.68359375,1.8818359375,1.2412109375,
0.102,-3.4833984375,2.3623046875,0.6005859375,
0.1025,-3.203125,2.6025390625,0.0400390625,
0.103,-3.203125,3.123046875,-0.48046875,
0.1035,-2.5625,3.2431640625,-1.2412109375,
0.104,-1.8818359375,3.3232421875,-1.9619140625,
0.1045,-1.28125,3.443359375,-2.6025390625,
0.105,-0.6806640625,3.3232421875,-3.04296875,
0.1055,-0.2001953125,3.04296875,-3.203125,
0.106,0.3203125,2.802734375,-3.5234375,
0.1065,1.12109375,2.2822265625,-3.8037109375,
0.107,1.9619140625,1.4013671875,-3.763671875,
0.1075,2.4423828125,0.80078125,-3.603515625,
0.108,2.8427734375,0.2001953125,-3.36328125,
0.1085,3.1630859375,-0.2802734375,-3.283203125,
0.109,3.3232421875,-1.0009765625,-2.72265625,
0.1095,3.5234375,-1.76171875,-2.2021484375,
0.11,3.5634765625,-2.642578125,-1.361328125,
0.1105,3.3232421875,-3.0029296875,-0.80078125,
0.111,3.0029296875,-3.36328125,-0.3203125,
0.1115,2.8828125,-3.763671875,0.2802734375,
0.112,2.2021484375,-3.8837890625,1.12109375,
0.1125,1.4013671875,-3.8837890625,1.9619140625,
0.113,0.80078125,-3.84375,2.4423828125,
0.1135,0.2802734375,-3.7236328125,2.802734375,
0.114,-0.2001953125,-3.443359375,3.0029296875,
0.1145,-0.880859375,-3.0029296875,3.1630859375,
0.115,-1.6416015625,-2.4423828125,3.443359375,
0.1155,-2.5625,-1.4814453125,3.4033203125,
0.116,-2.8427734375,-0.9609375,3.0830078125,
0.1165,-3.203125,-0.3203125,2.8828125,
0.117,-3.5634765625,0.2001953125,2.72265625,
0.1175,-3.603515625,0.9609375,2.0419921875,
0.118,-3.8037109375,1.76171875,1.44140625,
0.1185,-3.7236328125,2.5224609375,0.6005859375,
0.119,-3.36328125,2.802734375,0,
0.1195,-3.1630859375,3.0830078125,-0.5205078125,
0.12,-2.8427734375,3.443359375,-1.12109375,
0.1205,-2.2021484375,3.603515625,-1.9619140625,
0.121,-1.28125,3.6435546875,-2.8427734375,
0.1215,-0.720703125,3.443359375,-3.0830078125,
0.122,-0.2001953125,3.3232421875,-3.4833984375,
0.1225,0.3203125,3.0029296875,-3.7236328125,
0.123,1.041015625,2.40234375,-3.8037109375,
0.1235,1.8818359375,1.8017578125,-4.00390625,
0.124,2.7626953125,0.8408203125,-3.8837890625,
0.1245,2.9228515625,0.240234375,-3.5634765625,
0.125,3.283203125,-0.3203125,-3.36328125,
0.1255,3.603515625,-0.9208984375,-3.0830078125,
0.126,3.6435546875,-1.76171875,-2.2822265625,
0.1265,3.7236328125,-2.5625,-1.6015625,
0.127,3.6435546875,-3.1630859375,-0.80078125,
0.1275,3.283203125,-3.5634765625,-0.2802734375,
0.128,2.9228515625,-3.8037109375,0.2802734375,
0.1285,2.482421875,-4.00390625,1.0009765625,
0.129,1.7216796875,-4.1640625,1.8818359375,
0.1295,0.8408203125,-4.1240234375,2.6826171875,
0.13,0.3203125,-3.8037109375,2.8427734375,
0.1305,-0.16015625,-3.68359375,3.203125,
0.131,-0.7607421875,-3.2431640625,3.36328125,
0.1315,-1.5615234375,-2.5625,3.443359375,
0.132,-2.322265625,-1.921875,3.5234375,
0.1325,-3.0830078125,-0.9609375,3.36328125,
0.133,-3.203125,-0.400390625,2.962890625,
0.1335,-3.5634765625,0.1201171875,2.802734375,
0.134,-3.84375,0.7607421875,2.482421875,
0.1345,-3.84375,1.6416015625,1.5615234375,
0.135,-3.7236328125,2.4423828125,0.8408203125,
0.1355,-3.5634765625,2.8427734375,0.1201171875,
0.136,-3.36328125,3.203125,-0.3603515625,
0.1365,-2.962890625,3.4033203125,-0.9609375,
0.137,-2.4423828125,3.6435546875,-1.681640625,
0.1375,-1.6416015625,3.7236328125,-2.5224609375,
0.138,-0.8408203125,3.603515625,-3.203125,
0.1385,-0.3203125,3.2431640625,-3.283203125,
0.139,0.1201171875,3.203125,-3.7236328125,
0.1395,0.7607421875,2.72265625,-3.84375,
0.14,1.5615234375,1.9619140625,-3.84375,
0.1405,2.2822265625,1.28125,-3.923828125,
0.141,2.9228515625,0.4404296875,-3.7236328125,
0.1415,3.0830078125,-0.080078125,-3.36328125,
0.142,3.36328125,-0.6005859375,-3.1630859375,
0.1425,3.6435546875,-1.3212890625,-2.72265625,
0.143,3.68359375,-2.2021484375,-1.8818359375,
0.1435,3.5234375,-2.8427734375,-1.2412109375,
0.144,3.203125,-3.2431640625,-0.5205078125,
0.1445,3.1630859375,-3.6435546875,0,
0.145,2.642578125,-3.763671875,0.6005859375,
0.1455,2.0419921875,-3.923828125,1.3212890625,
0.146,1.3212890625,-4.00390625,2.1220703125,
0.1465,0.6005859375,-3.8837890625,2.642578125,
0.147,0.16015625,-3.5634765625,2.72265625,
0.1475,-0.3203125,-3.4833984375,3.123046875,
0.148,-1.0009765625,-2.962890625,3.3232421875,
0.1485,-1.8017578125,-2.1220703125,3.283203125,
0.149,-2.40234375,-1.5615234375,3.283203125,
0.1495,-2.9228515625,-0.80078125,3.04296875,
0.15,-3.203125,-0.3203125,2.8427734375,
0.1505,-3.4033203125,0.240234375,2.5224609375,
0.151,-3.68359375,0.9609375,2.162109375,
0.1515,-3.7236328125,1.841796875,1.28125,
0.152,-3.6435546875,2.2822265625,0.6806640625,
0.1525,-3.2431640625,2.6826171875,0.0400390625,
0.153,-3.2431640625,3.1630859375,-0.4404296875,
0.1535,-2.642578125,3.283203125,-1.12109375,
0.154,-2.001953125,3.4033203125,-1.8818359375,
0.1545,-1.361328125,3.4833984375,-2.5625,
0.155,-0.720703125,3.3232421875,-3.0029296875,
0.1555,-0.2802734375,3.04296875,-3.1630859375,
0.156,0.240234375,2.8828125,-3.5234375,
0.1565,0.9609375,2.40234375,-3.763671875,
0.157,1.841796875,1.5615234375,-3.7236328125,
0.1575,2.2822265625,0.9609375,-3.603515625,
0.158,2.7626953125,0.2802734375,-3.4033203125,
0.1585,3.0830078125,-0.2001953125,-3.283203125,
0.159,3.1630859375,-0.880859375,-2.802734375,
0.1595,3.4833984375,-1.6015625,-2.40234375,
0.16,3.36328125,-2.6025390625,-1.5615234375,
0.1605,3.283203125,-2.8427734375,-0.9609375,
0.161,3.04296875,-3.1630859375,-0.3603515625,
0.1615,2.962890625,-3.603515625,0.1201171875,
0.162,2.2822265625,-3.7236328125,0.9208984375,
0.1625,1.5615234375,-3.84375,1.681640625,
0.163,0.9609375,-3.84375,2.2421875,
0.1635,0.4404296875,-3.68359375,2.6025390625,
0.164,0,-3.4033203125,2.8427734375,
0.1645,-0.640625,-3.0830078125,3.04296875,
0.165,-1.361328125,-2.6025390625,3.283203125,
0.1655,-2.2822265625,-1.681640625,3.2431640625,
0.166,-2.6025390625,-1.1611328125,3.04296875,
0.1665,-3.04296875,-0.5205078125,2.8427734375,
0.167,-3.36328125,0,2.72265625,
0.1675,-3.4833984375,0.640625,2.162109375,
0.168,-3.7236328125,1.28125,1.5615234375,
0.1685,-3.603515625,2.2421875,0.80078125,
0.169,-3.4033203125,2.6025390625,0.240234375,
0.1695,-3.1630859375,2.9228515625,-0.3203125,
0.17,-2.9228515625,3.3232421875,-0.8408203125,
0.1705,-2.2822265625,3.443359375,-1.6416015625,
0.171,-1.4814453125,3.5234375,-2.5224609375,
0.1715,-0.9208984375,3.36328125,-2.8828125,
0.172,-0.3603515625,3.203125,-3.2431640625,
0.1725,0.1201171875,2.962890625,-3.4833984375,
0.173,0.80078125,2.482421875,-3.6435546875,
0.1735,1.5615234375,1.921875,-3.8837890625,
0.174,2.482421875,0.9609375,-3.8037109375,
0.1745,2.6826171875,0.4404296875,-3.4833984375,
0.175,3.0830078125,-0.2001953125,-3.3232421875,
0.1755,3.4033203125,-0.6806640625,-3.0830078125,
0.176,3.4833984375,-1.5615234375,-2.5224609375,
0.1765,3.5634765625,-2.2421875,-1.8017578125,
0.177,3.443359375,-2.9228515625,-1.0009765625,
0.1775,3.203125,-3.2431640625,-0.400390625,
0.178,2.9228515625,-3.4833984375,0.080078125,
0.1785,2.5224609375,-3.8037109375,0.720703125,
0.179,1.841796875,-3.923828125,1.521484375,
0.1795,1.0009765625,-3.923828125,2.3623046875,
0.18,0.5205078125,-3.68359375,2.5625,
0.1805,0,-3.5634765625,2.9228515625,
0.181,-0.5205078125,-3.2431640625,3.123046875,
0.1815,-1.201171875,-2.6025390625,3.1630859375,
0.182,-1.9619140625,-2.08203125,3.36328125,
0.1825,-2.72265625,-1.1611328125,3.203125,
0.183,-2.9228515625,-0.640625,2.8828125,
0.1835,-3.203125,-0.16015625,2.72265625,
0.184,-3.5634765625,0.3203125,2.4423828125,
0.1845,-3.5634765625,1.201171875,1.76171875,
0.185,-3.603515625,1.921875,1.12109375,
0.1855,-3.4033203125,2.5224609375,0.3603515625,
0.186,-3.2431640625,2.8427734375,-0.1201171875,
0.1865,-2.9228515625,3.04296875,-0.640625,
0.187,-2.5224609375,3.283203125,-1.2412109375,
0.1875,-1.8818359375,3.4033203125,-2.001953125,
0.188,-1.0810546875,3.36328125,-2.72265625,
0.1885,-0.640625,3.123046875,-2.8828125,
0.189,-0.16015625,3.04296875,-3.283203125,
0.1895,0.3603515625,2.7626953125,-3.5234375,
0.19,1.0810546875,2.1220703125,-3.5634765625,
0.1905,1.8017578125,1.5615234375,-3.68359375,
0.191,2.40234375,0.720703125,-3.5234375,
0.1915,2.642578125,0.2001953125,-3.2431640625,
0.192,2.9228515625,-0.3203125,-3.123046875,
0.1925,3.2431640625,-0.8408203125,-2.8828125,
0.193,3.3232421875,-1.5615234375,-2.2021484375,
0.1935,3.3232421875,-2.2822265625,-1.4814453125,
0.194,3.123046875,-2.642578125,-0.9208984375,
0.1945,3.0830078125,-3.1630859375,-0.400390625,
0.195,2.6826171875,-3.3232421875,0.1201171875,
0.1955,2.2021484375,-3.5234375,0.7607421875,
0.196,1.6416015625,-3.68359375,1.4814453125,
0.1965,0.9609375,-3.5634765625,2.08203125,
0.197,0.560546875,-3.36328125,2.2421875,
0.1975,0.080078125,-3.283203125,2.6025390625,
0.198,-0.5205078125,-3.04296875,2.8427734375,
0.1985,-1.201171875,-2.40234375,2.9228515625,
0.199,-1.841796875,-1.8818359375,3.0029296875,
0.1995,-2.322265625,-1.2412109375,2.8427734375,
0.2,-2.72265625,-0.720703125,2.6826171875,
0.2005,-2.9228515625,-0.2001953125,2.5224609375,
0.201,-3.203125,0.3603515625,2.2421875,
0.2015,-3.36328125,1.12109375,1.6416015625,
0.202,-3.2431640625,1.76171875,0.9609375,
0.2025,-3.0830078125,2.08203125,0.4404296875,
0.203,-3.123046875,2.6025390625,0,
0.2035,-2.7626953125,2.802734375,-0.6005859375,
0.204,-2.2421875,2.9228515625,-1.2412109375,
0.2045,-1.7216796875,3.123046875,-1.8818359375,
0.205,-1.12109375,3.04296875,-2.40234375,
0.2055,-0.6806640625,2.8828125,-2.642578125,
0.206,-0.240234375,2.802734375,-2.962890625,
0.2065,0.3603515625,2.5224609375,-3.2431640625,
0.207,1.12109375,1.841796875,-3.36328125,
0.2075,1.681640625,1.2412109375,-3.36328125,
0.208,2.08203125,0.640625,-3.203125,
0.2085,2.5625,0.240234375,-3.203125,
0.209,2.7626953125,-0.3203125,-2.8828125,
0.2095,3.0029296875,-0.9208984375,-2.5224609375,
0.21,3.1630859375,-1.681640625,-1.9619140625,
0.2105,3.04296875,-2.2421875,-1.28125,
0.211,2.8828125,-2.5224609375,-0.8408203125,
0.2115,2.8427734375,-3.0029296875,-0.3203125,
0.212,2.4423828125,-3.2431640625,0.2802734375,
0.2125,1.841796875,-3.3232421875,0.9609375,
0.213,1.4013671875,-3.4833984375,1.521484375,
0.2135,0.8408203125,-3.36328125,1.921875,
0.214,0.4404296875,-3.283203125,2.2822265625,
0.2145,-0.080078125,-3.04296875,2.482421875,
0.215,-0.720703125,-2.7626953125,2.7626953125,
0.2155,-1.44140625,-2.08203125,2.8828125,
0.216,-1.9619140625,-1.5615234375,2.7626953125,
0.2165,-2.322265625,-1.0009765625,2.642578125,
0.217,-2.7626953125,-0.5205078125,2.6826171875,
0.2175,-3.04296875,0.080078125,2.2822265625,
0.218,-3.1630859375,0.720703125,1.841796875,
0.2185,-3.2431640625,1.4013671875,1.28125,
0.219,-3.1630859375,1.921875,0.640625,
0.2195,-3.04296875,2.2822265625,0.240234375,
0.22,-2.8427734375,2.6025390625,-0.3203125,
0.2205,-2.482421875,2.9228515625,-1.0009765625,
0.221,-1.8017578125,3.0029296875,-1.681640625,
0.2215,-1.3212890625,3.0029296875,-2.1220703125,
0.222,-0.8408203125,2.8828125,-2.482421875,
0.2225,-0.400390625,2.8427734375,-2.8828125,
0.223,0.2001953125,2.482421875,-3.04296875,
0.2235,0.8408203125,2.0419921875,-3.283203125,
0.224,1.5615234375,1.4013671875,-3.4033203125,
0.2245,1.9619140625,0.880859375,-3.203125,
0.225,2.322265625,0.400390625,-3.0830078125,
0.2255,2.72265625,-0.080078125,-3.04296875,
0.226,3.0029296875,-0.80078125,-2.6025390625,
0.2265,3.04296875,-1.44140625,-2.001953125,
0.227,3.04296875,-2.001953125,-1.4814453125,
0.2275,2.9228515625,-2.5224609375,-0.9609375,
0.228,2.8427734375,-2.8828125,-0.5205078125,
0.2285,2.482421875,-3.0830078125,0.1201171875,
0.229,2.1220703125,-3.4033203125,0.7607421875,
0.2295,1.4013671875,-3.4833984375,1.521484375,
0.23,0.9609375,-3.36328125,1.841796875,
0.2305,0.5205078125,-3.2431640625,2.162109375,
0.231,0.0400390625,-3.2431640625,2.5224609375,
0.2315,-0.640625,-2.7626953125,2.6826171875,
0.232,-1.28125,-2.2822265625,2.8427734375,
0.2325,-1.8818359375,-1.6416015625,2.8427734375,
0.233,-2.2822265625,-1.12109375,2.6826171875,
0.2335,-2.6025390625,-0.640625,2.5625,
0.234,-2.9228515625,-0.1201171875,2.40234375,
0.2345,-3.203125,0.6005859375,2.0419921875,
0.235,-3.203125,1.3212890625,1.28125,
0.2355,-3.123046875,1.7216796875,0.8408203125,
0.236,-3.0830078125,2.2021484375,0.3203125,
0.2365,-2.962890625,2.6025390625,-0.16015625,
0.237,-2.5224609375,2.72265625,-0.7607421875,
0.2375,-2.08203125,3.0029296875,-1.44140625,
0.238,-1.4013671875,3.0830078125,-2.1220703125,
0.2385,-1.0009765625,2.9228515625,-2.40234375,
0.239,-0.5205078125,2.802734375,-2.72265625,
0.2395,0,2.72265625,-3.123046875,
0.24,0.640625,2.162109375,-3.283203125,
0.2405,1.4013671875,1.5615234375,-3.36328125,
0.241,1.8818359375,1.041015625,-3.283203125,
0.2415,2.322265625,0.48046875,-3.203125,
0.242,2.642578125,0.0400390625,-3.04296875,
0.2425,2.8427734375,-0.5205078125,-2.72265625,
0.243,3.1630859375,-1.2412109375,-2.322265625,
0.2435,3.1630859375,-2.001953125,-1.6015625,
0.244,2.962890625,-2.322265625,-1.12109375,
0.2445,2.8828125,-2.7626953125,-0.6005859375,
0.245,2.7626953125,-3.203125,-0.080078125,
0.2455,2.162109375,-3.283203125,0.6005859375,
0.246,1.6416015625,-3.4833984375,1.28125,
0.2465,1.0810546875,-3.4833984375,1.8818359375,
0.247,0.640625,-3.36328125,2.1220703125,
0.2475,0.16015625,-3.203125,2.40234375,
0.248,-0.3603515625,-3.04296875,2.6826171875,
0.2485,-1.12109375,-2.4423828125,2.9228515625,
0.249,-1.841796875,-1.76171875,2.8828125,
0.2495,-2.2021484375,-1.2412109375,2.7626953125,
0.25,-2.6025390625,-0.720703125,2.6826171875,
0.2505,-2.9228515625,-0.2802734375,2.5224609375,
0.251,-3.0830078125,0.3603515625,2.08203125,
0.2515,-3.3232421875,1.0810546875,1.6416015625,
0.252,-3.2431640625,1.8017578125,0.9208984375,
0.2525,-3.0830078125,2.08203125,0.4404296875,
0.253,-2.962890625,2.5224609375,0,
0.2535,-2.7626953125,2.8427734375,-0.560546875,
0.254,-2.2021484375,2.962890625,-1.28125,
0.2545,-1.6015625,3.0830078125,-1.9619140625,
0.255,-1.041015625,3.0029296875,-2.3623046875,
0.2555,-0.640625,2.8828125,-2.72265625,
0.256,-0.2001953125,2.6826171875,-3.0029296875,
0.2565,0.4404296875,2.40234375,-3.203125,
0.257,1.1611328125,1.921875,-3.4033203125,
0.2575,1.841796875,1.1611328125,-3.36328125,
0.258,2.08203125,0.6806640625,-3.1630859375,
0.2585,2.5224609375,0.2001953125,-3.123046875,
0.259,2.8427734375,-0.3203125,-2.9228515625,
0.2595,3.0029296875,-1.0009765625,-2.4423828125,
0.26,3.1630859375,-1.6416015625,-1.921875,
0.2605,3.04296875,-2.2822265625,-1.28125,
0.261,2.9228515625,-2.6025390625,-0.80078125,
0.2615,2.7626953125,-2.962890625,-0.3203125,
0.262,2.482421875,-3.283203125,0.2802734375,
0.2625,1.921875,-3.443359375,1.0009765625,
0.263,1.28125,-3.5234375,1.6416015625,
0.2635,0.80078125,-3.4033203125,1.921875,
0.264,0.3603515625,-3.4033203125,2.322265625,
0.2645,-0.1201171875,-3.123046875,2.5625,
0.265,-0.7607421875,-2.6025390625,2.72265625,
0.2655,-1.4814453125,-2.1220703125,2.962890625,
0.266,-2.1220703125,-1.4013671875,2.8427734375,
0.2665,-2.3623046875,-1.0009765625,2.6826171875,
0.267,-2.7626953125,-0.5205078125,2.6025390625,
0.2675,-3.123046875,0.080078125,2.40234375,
0.268,-3.203125,0.80078125,1.841796875,
0.2685,-3.283203125,1.44140625,1.28125,
0.269,-3.203125,1.9619140625,0.6005859375,
0.2695,-3.1630859375,2.40234375,0.16015625,
0.27,-2.8427734375,2.6826171875,-0.3203125,
0.2705,-2.4423828125,2.9228515625,-1.0009765625,
0.271,-1.8818359375,3.0830078125,-1.76171875,
0.2715,-1.2412109375,3.04296875,-2.322265625,
0.272,-0.8408203125,2.8828125,-2.6025390625,
0.2725,-0.3203125,2.9228515625,-2.962890625,
0.273,0.240234375,2.6025390625,-3.2431640625,
0.2735,0.9609375,2.001953125,-3.36328125,
0.274,1.6416015625,1.4814453125,-3.5234375,
0.2745,2.2421875,0.7607421875,-3.36328125,
0.275,2.5224609375,0.3203125,-3.203125,
0.2755,2.8427734375,-0.2001953125,-3.0029296875,
0.276,3.1630859375,-0.8408203125,-2.6826171875,
0.2765,3.2431640625,-1.681640625,-1.9619140625,
0.277,3.1630859375,-2.2421875,-1.4013671875,
0.2775,3.0029296875,-2.642578125,-0.80078125,
0.278,3.0029296875,-3.1630859375,-0.3603515625,
0.2785,2.5224609375,-3.36328125,0.2802734375,
0.279,2.001953125,-3.5634765625,0.9609375,
0.2795,1.4013671875,-3.7236328125,1.76171875,
0.28,0.7607421875,-3.603515625,2.162109375,
0.2805,0.3603515625,-3.36328125,2.3623046875,
0.281,-0.080078125,-3.2431640625,2.72265625,
0.2815,-0.80078125,-2.8427734375,3.0029296875,
0.282,-1.6015625,-2.08203125,3.04296875,
0.2825,-2.1220703125,-1.5615234375,3.04296875,
0.283,-2.6025390625,-0.9208984375,2.8427734375,
0.2835,-2.9228515625,-0.4404296875,2.72265625,
0.284,-3.1630859375,0.1201171875,2.40234375,
0.2845,-3.4033203125,0.8408203125,1.9619140625,
0.285,-3.5234375,1.7216796875,1.2412109375,
0.2855,-3.283203125,2.1220703125,0.640625,
0.286,-3.0830078125,2.482421875,0.1201171875,
0.2865,-3.0830078125,2.9228515625,-0.3603515625,
0.287,-2.5224609375,3.0830078125,-1.12109375,
0.2875,-1.921875,3.1630859375,-1.8017578125,
0.288,-1.3212890625,3.203125,-2.482421875,
0.2885,-0.7607421875,3.123046875,-2.802734375,
0.289,-0.3203125,2.9228515625,-3.04296875,
0.2895,0.240234375,2.6826171875,-3.3232421875,
0.29,0.9609375,2.2822265625,-3.603515625,
0.2905,1.76171875,1.44140625,-3.5634765625,
0.291,2.2021484375,0.9208984375,-3.4033203125,
0.2915,2.5625,0.2802734375,-3.2431640625,
0.292,3.0029296875,-0.16015625,-3.203125,
0.2925,3.123046875,-0.80078125,-2.6826171875,
0.293,3.3232421875,-1.5615234375,-2.2421875,
0.2935,3.36328125,-2.3623046875,-1.4814453125,
0.294,3.123046875,-2.72265625,-0.9208984375,
0.2945,2.9228515625,-3.04296875,-0.400390625,
0.295,2.7626953125,-3.4833984375,0.1201171875,
0.2955,2.2021484375,-3.68359375,0.9208984375,
0.296,1.44140625,-3.7236328125,1.6015625,
0.2965,0.9609375,-3.6435546875,2.1220703125,
0.297,0.4404296875,-3.5234375,2.482421875,
0.2975,0,-3.3232421875,2.72265625,
0.298,-0.640625,-2.9228515625,2.8828125,
0.2985,-1.361328125,-2.482421875,3.1630859375,
0.299,-2.2021484375,-1.6015625,3.1630859375,
0.2995,-2.482421875,-1.0810546875,2.8828125,
0.3,-2.8828125,-0.5205078125,2.72265625,
0.3005,-3.2431640625,-0.0400390625,2.642578125,
0.301,-3.36328125,0.6806640625,2.0419921875,
0.3015,-3.5234375,1.4013671875,1.521484375,
0.302,-3.4833984375,2.1220703125,0.80078125,
0.3025,-3.2431640625,2.4423828125,0.2802734375,
0.303,-3.0830078125,2.72265625,-0.240234375,
0.3035,-2.7626953125,3.04296875,-0.80078125,
0.304,-2.2421875,3.283203125,-1.6015625,
0.3045,-1.4013671875,3.3232421875,-2.40234375,
0.305,-0.9609375,3.1630859375,-2.6826171875,
0.3055,-0.4404296875,3.0830078125,-3.0830078125,
0.306,0.080078125,2.8828125,-3.36328125,
0.3065,0.7607421875,2.3623046875,-3.4833984375,
0.307,1.4814453125,1.8818359375,-3.7236328125,
0.3075,2.2822265625,1.0009765625,-3.603515625,
0.308,2.5224609375,0.48046875,-3.3232421875,
0.3085,2.8427734375,-0.0400390625,-3.203125,
0.309,3.203125,-0.6005859375,-3.04296875,
0.3095,3.3232421875,-1.361328125,-2.40234375,
0.31,3.4033203125,-2.08203125,-1.7216796875,
0.3105,3.2431640625,-2.6826171875,-1.041015625,
0.311,3.0830078125,-3.0830078125,-0.560546875,
0.3115,2.8427734375,-3.4033203125,0,
0.312,2.40234375,-3.603515625,0.6005859375,
0.3125,1.841796875,-3.8037109375,1.4013671875,
0.313,1.0009765625,-3.8037109375,2.162109375,
0.3135,0.6005859375,-3.5634765625,2.322265625,
0.314,0.1201171875,-3.4833984375,2.6826171875,
0.3145,-0.400390625,-3.203125,2.962890625,
0.315,-1.1611328125,-2.5625,3.04296875,
0.3155,-1.8818359375,-2.001953125,3.203125,
0.316,-2.5625,-1.2412109375,3.123046875,
0.3165,-2.7626953125,-0.6806640625,2.802734375,
0.317,-3.0830078125,-0.2001953125,2.642578125,
0.3175,-3.4033203125,0.3603515625,2.40234375,
0.318,-3.5634765625,1.2412109375,1.76171875,
0.3185,-3.5234375,1.921875,1.041015625,
0.319,-3.3232421875,2.322265625,0.400390625,
0.3195,-3.203125,2.72265625,-0.080078125,
0.32,-2.9228515625,3.0029296875,-0.640625,
0.3205,-2.40234375,3.1630859375,-1.28125,
0.321,-1.8017578125,3.443359375,-2.08203125,
0.3215,-1.041015625,3.36328125,-2.72265625,
0.322,-0.6005859375,3.0830078125,-2.8828125,
0.3225,-0.1201171875,3.0029296875,-3.2431640625,
0.323,0.48046875,2.6826171875,-3.5634765625,
0.3235,1.28125,1.9619140625,-3.603515625,
0.324,1.9619140625,1.361328125,-3.68359375,
0.3245,2.5224609375,0.6005859375,-3.5234375,
0.325,2.8427734375,0.1201171875,-3.283203125,
0.3255,3.0830078125,-0.400390625,-3.0830078125,
0.326,3.36328125,-1.0810546875,-2.6826171875,
0.3265,3.5234375,-1.9619140625,-1.9619140625,
0.327,3.4033203125,-2.6025390625,-1.28125,
0.3275,3.1630859375,-3.0029296875,-0.6806640625,
0.328,3.0830078125,-3.4833984375,-0.2001953125,
0.3285,2.6025390625,-3.6435546875,0.48046875,
0.329,1.9619140625,-3.8037109375,1.28125,
0.3295,1.3212890625,-3.923828125,2.0419921875,
0.33,0.640625,-3.84375,2.5224609375,
0.3305,0.2001953125,-3.5234375,2.6826171875,
0.331,-0.3203125,-3.36328125,3.0029296875,
0.3315,-1.0810546875,-2.8828125,3.3232421875,
0.332,-1.9619140625,-2.08203125,3.3232421875,
0.3325,-2.5224609375,-1.44140625,3.283203125,
0.333,-3.0029296875,-0.720703125,3.04296875,
0.3335,-3.283203125,-0.240234375,2.8828125,
0.334,-3.5234375,0.400390625,2.482421875,
0.3345,-3.7236328125,1.201171875,1.9619140625,
0.335,-3.84375,2.1220703125,1.12109375,
0.3355,-3.5634765625,2.5625,0.400390625,
0.336,-3.283203125,2.8427734375,-0.16015625,
0.3365,-3.203125,3.36328125,-0.6806640625,
0.337,-2.5625,3.5634765625,-1.4814453125,
0.3375,-1.8017578125,3.603515625,-2.322265625,
0.338,-1.12109375,3.68359375,-2.962890625,
0.3385,-0.48046875,3.4833984375,-3.36328125,
0.339,0.0400390625,3.123046875,-3.5634765625,
0.3395,0.640625,2.802734375,-3.8037109375,
0.34,1.521484375,2.2421875,-4.083984375,
0.3405,2.482421875,1.2412109375,-4.00390625,
0.341,2.8427734375,0.6005859375,-3.8037109375,
0.3415,3.2431640625,-0.080078125,-3.5634765625,
0.342,3.5634765625,-0.640625,-3.283203125,
0.3425,3.68359375,-1.4013671875,-2.6826171875,
0.343,3.84375,-2.2421875,-2.08203125,
0.3435,3.84375,-3.203125,-1.1611328125,
0.344,3.443359375,-3.5634765625,-0.5205078125,
0.3445,3.123046875,-3.7236328125,0.1201171875,
0.345,2.8828125,-4.1240234375,0.6806640625,
0.3455,2.0419921875,-4.2041015625,1.6015625,
0.346,1.2412109375,-4.244140625,2.482421875,
0.3465,0.560546875,-4.1240234375,2.962890625,
0.347,0,-3.8837890625,3.2431640625,
0.3475,-0.6005859375,-3.4833984375,3.36328125,
0.348,-1.2412109375,-2.962890625,3.5234375,
0.3485,-2.08203125,-2.322265625,3.7236328125,
0.349,-3.0830078125,-1.28125,3.6435546875,
0.3495,-3.2431640625,-0.640625,3.203125,
0.35,-3.5634765625,0,3.0029296875,
0.3505,-3.84375,0.5205078125,2.6826171875,
0.351,-3.8837890625,1.28125,1.9619140625,
0.3515,-4.00390625,2.0419921875,1.28125,
0.352,-3.923828125,2.8828125,0.3603515625,
0.3525,-3.5234375,3.1630859375,-0.2001953125,
0.353,-3.203125,3.443359375,-0.720703125,
0.3535,-2.8427734375,3.7236328125,-1.3212890625,
0.354,-2.08203125,3.8037109375,-2.2021484375,
0.3545,-1.1611328125,3.8037109375,-3.04296875,
0.355,-0.6005859375,3.5234375,-3.36328125,
0.3555,0,3.3232421875,-3.68359375,
0.356,0.48046875,2.962890625,-3.84375,
0.3565,1.201171875,2.40234375,-3.923828125,
0.357,1.9619140625,1.8017578125,-4.083984375,
0.3575,2.8427734375,0.7607421875,-3.923828125,
0.358,2.962890625,0.2001953125,-3.5634765625,
0.3585,3.36328125,-0.3603515625,-3.36328125,
0.359,3.603515625,-0.9609375,-3.0830078125,
0.3595,3.6435546875,-1.76171875,-2.3623046875,
0.36,3.68359375,-2.5625,-1.681640625,
0.3605,3.5234375,-3.1630859375,-0.8408203125,
0.361,3.203125,-3.4033203125,-0.3203125,
0.3615,2.9228515625,-3.7236328125,0.240234375,
0.362,2.5224609375,-3.9638671875,0.880859375,
0.3625,1.8017578125,-4.0439453125,1.7216796875,
0.363,0.9609375,-4.00390625,2.482421875,
0.3635,0.4404296875,-3.763671875,2.6826171875,
0.364,0,-3.6435546875,3.04296875,
0.3645,-0.6005859375,-3.2431640625,3.203125,
0.365,-1.3212890625,-2.642578125,3.283203125,
0.3655,-2.08203125,-2.08203125,3.443359375,
0.366,-2.8427734375,-1.1611328125,3.283203125,
0.3665,-2.962890625,-0.640625,2.9228515625,
0.367,-3.36328125,-0.16015625,2.7626953125,
0.3675,-3.603515625,0.4404296875,2.482421875,
0.368,-3.7236328125,1.2412109375,1.76171875,
0.3685,-3.7236328125,2.0419921875,1.0810546875,
0.369,-3.5234375,2.5625,0.3603515625,
0.3695,-3.3232421875,2.9228515625,-0.16015625,
0.37,-2.962890625,3.1630859375,-0.6806640625,
0.3705,-2.5224609375,3.36328125,-1.361328125,
0.371,-1.8017578125,3.5234375,-2.2021484375,
0.3715,-1.041015625,3.4833984375,-2.8427734375,
0.372,-0.6005859375,3.1630859375,-3.0029296875,
0.3725,-0.080078125,3.1630859375,-3.443359375,
0.373,0.5205078125,2.72265625,-3.6435546875,
0.3735,1.28125,2.0419921875,-3.7236328125,
0.374,2.0419921875,1.44140625,-3.84375,
0.3745,2.642578125,0.640625,-3.6435546875,
0.375,2.8427734375,0.080078125,-3.36328125,
0.3755,3.1630859375,-0.4404296875,-3.203125,
0.376,3.443359375,-1.1611328125,-2.802734375,
0.3765,3.5234375,-1.9619140625,-2.001953125,
0.377,3.443359375,-2.5625,-1.3212890625,
0.3775,3.203125,-3.04296875,-0.6806640625,
0.378,3.1630859375,-3.4033203125,-0.2001953125,
0.3785,2.6025390625,-3.5634765625,0.4404296875,
0.379,2.08203125,-3.8037109375,1.201171875,
0.3795,1.4013671875,-3.923828125,2.001953125,
0.38,0.720703125,-3.84375,2.5224609375,
0.3805,0.2802734375,-3.5234375,2.6025390625,
0.381,-0.240234375,-3.443359375,3.04296875,
0.3815,-1.0009765625,-2.8828125,3.203125,
0.382,-1.8017578125,-2.162109375,3.2431640625,
0.3825,-2.3623046875,-1.5615234375,3.2431640625,
0.383,-2.8828125,-0.880859375,3.0830078125,
0.3835,-3.123046875,-0.400390625,2.802734375,
0.384,-3.4033203125,0.16015625,2.5224609375,
0.3845,-3.6435546875,0.9609375,2.0419921875,
0.385,-3.7236328125,1.921875,1.28125,
0.3855,-3.5234375,2.322265625,0.6005859375,
0.386,-3.2431640625,2.6826171875,0.0400390625,
0.3865,-3.203125,3.1630859375,-0.48046875,
0.387,-2.6025390625,3.283203125,-1.1611328125,
0.3875,-1.9619140625,3.4033203125,-1.9619140625,
0.388,-1.28125,3.4833984375,-2.642578125,
0.3885,-0.6806640625,3.3232421875,-3.0830078125,
0.389,-0.240234375,3.0029296875,-3.203125,
0.3895,0.2802734375,2.8427734375,-3.5634765625,
0.39,1.0810546875,2.2822265625,-3.7236328125,
0.3905,1.921875,1.44140625,-3.763671875,
0.391,2.3623046875,0.8408203125,-3.5634765625,
0.3915,2.802734375,0.2001953125,-3.4033203125,
0.392,3.04296875,-0.2802734375,-3.2431640625,
0.3925,3.2431640625,-0.880859375,-2.7626953125,
0.393,3.4833984375,-1.6015625,-2.2822265625,
0.3935,3.5234375,-2.482421875,-1.4814453125,
0.394,3.2431640625,-2.8427734375,-0.9208984375,
0.3945,3.0029296875,-3.1630859375,-0.3203125,
0.395,2.8828125,-3.5634765625,0.16015625,
0.3955,2.2021484375,-3.68359375,0.9609375,
0.396,1.5615234375,-3.8037109375,1.681640625,
0.3965,0.9609375,-3.763671875,2.2421875,
0.397,0.4404296875,-3.603515625,2.5625,
0.3975,0,-3.3232421875,2.72265625,
0.398,-0.6005859375,-3.04296875,3.0029296875,
0.3985,-1.3212890625,-2.5625,3.1630859375,
0.399,-2.2021484375,-1.7216796875,3.1630859375,
0.3995,-2.482421875,-1.2412109375,2.9228515625,
0.4,-2.8828125,-0.640625,2.72265625,
0.4005,-3.203125,-0.080078125,2.6826171875,
0.401,-3.3232421875,0.560546875,2.162109375,
0.4015,-3.4833984375,1.2412109375,1.6416015625,
0.402,-3.5234375,2.0419921875,0.880859375,
0.4025,-3.2431640625,2.3623046875,0.3203125,
0.403,-3.0830078125,2.642578125,-0.1201171875,
0.4035,-2.8828125,3.04296875,-0.640625,
0.404,-2.2822265625,3.1630859375,-1.361328125,
0.4045,-1.6015625,3.2431640625,-2.1220703125,
0.405,-1.0810546875,3.1630859375,-2.5224609375,
0.4055,-0.6005859375,3.04296875,-2.8828125,
0.406,-0.16015625,2.8828125,-3.1630859375,
0.4065,0.48046875,2.5224609375,-3.283203125,
0.407,1.201171875,2.001953125,-3.5634765625,
0.4075,2.001953125,1.201171875,-3.5634765625,
0.408,2.2421875,0.640625,-3.3232421875,
0.4085,2.642578125,0.16015625,-3.203125,
0.409,3.0029296875,-0.3203125,-3.0830078125,
0.4095,3.123046875,-1.0009765625,-2.5224609375,
0.41,3.2431640625,-1.7216796875,-1.9619140625,
0.4105,3.203125,-2.3623046875,-1.3212890625,
0.411,3.04296875,-2.72265625,-0.80078125,
0.4115,2.8427734375,-3.04296875,-0.3203125,
0.412,2.5224609375,-3.36328125,0.2802734375,
0.4125,2.001953125,-3.5634765625,1.0009765625,
0.413,1.28125,-3.603515625,1.8017578125,
0.4135,0.8408203125,-3.443359375,2.001953125,
0.414,0.400390625,-3.4033203125,2.40234375,
0.4145,-0.080078125,-3.203125,2.6826171875,
0.415,-0.7607421875,-2.72265625,2.802734375,
0.4155,-1.44140625,-2.2822265625,3.0029296875,
0.416,-2.2021484375,-1.5615234375,2.9228515625,
0.4165,-2.40234375,-1.0009765625,2.72265625,
0.417,-2.7626953125,-0.5205078125,2.6025390625,
0.4175,-3.0830078125,0,2.5224609375,
0.418,-3.2431640625,0.7607421875,1.921875,
0.4185,-3.36328125,1.44140625,1.28125,
0.419,-3.203125,1.921875,0.720703125,
0.4195,-3.1630859375,2.3623046875,0.240234375,
0.42,-2.9228515625,2.6025390625,-0.240234375,
0.4205,-2.5224609375,2.8427734375,-0.8408203125,
0.421,-2.0419921875,3.0830078125,-1.5615234375,
0.4215,-1.3212890625,3.123046875,-2.2421875,
0.422,-0.9609375,2.9228515625,-2.4423828125,
0.4225,-0.48046875,2.8828125,-2.8427734375,
0.423,0,2.6826171875,-3.1630859375,
0.4235,0.6806640625,2.08203125,-3.2431640625,
0.424,1.4013671875,1.5615234375,-3.4033203125,
0.4245,1.9619140625,0.9609375,-3.3232421875,
0.425,2.2822265625,0.48046875,-3.203125,
0.4255,2.5625,0,-3.0029296875,
0.426,2.9228515625,-0.5205078125,-2.802734375,
0.4265,3.0830078125,-1.28125,-2.2822265625,
0.427,3.123046875,-1.9619140625,-1.6015625,
0.4275,2.9228515625,-2.2822265625,-1.12109375,
0.428,2.9228515625,-2.802734375,-0.640625,
0.4285,2.6826171875,-3.0830078125,-0.1201171875,
0.429,2.162109375,-3.203125,0.560546875,
0.4295,1.7216796875,-3.443359375,1.201171875,
0.43,1.12109375,-3.4833984375,1.841796875,
0.4305,0.6806640625,-3.283203125,2.001953125,
0.431,0.240234375,-3.203125,2.3623046875,
0.4315,-0.3203125,-3.04296875,2.6826171875,
0.432,-1.041015625,-2.482421875,2.7626953125,
0.4325,-1.681640625,-1.8818359375,2.8427734375,
0.433,-2.1220703125,-1.28125,2.7626953125,
0.4335,-2.5625,-0.80078125,2.72265625,
0.434,-2.7626953125,-0.3203125,2.5224609375,
0.4345,-3.0830078125,0.2802734375,2.2021484375,
0.435,-3.283203125,1.0009765625,1.6416015625,
0.4355,-3.203125,1.681640625,0.9609375,
0.436,-3.04296875,1.9619140625,0.5205078125,
0.4365,-3.0830078125,2.5224609375,0.0400390625,
0.437,-2.72265625,2.72265625,-0.5205078125,
0.4375,-2.2021484375,2.8828125,-1.2412109375,
0.438,-1.681640625,3.0830078125,-1.8818359375,
0.4385,-1.0810546875,3.04296875,-2.40234375,
0.439,-0.640625,2.8828125,-2.6826171875,
0.4395,-0.2001953125,2.6826171875,-2.962890625,
0.44,0.400390625,2.40234375,-3.283203125,
0.4405,1.2412109375,1.841796875,-3.4033203125,
0.441,1.8818359375,1.201171875,-3.36328125,
0.4415,2.2021484375,0.640625,-3.203125,
0.442,2.6826171875,0.16015625,-3.203125,
0.4425,2.8427734375,-0.400390625,-2.8828125,
0.443,3.04296875,-1.041015625,-2.4423828125,
0.4435,3.203125,-1.8017578125,-1.841796875,
0.444,3.123046875,-2.4423828125,-1.1611328125,
0.4445,2.8828125,-2.642578125,-0.720703125,
0.445,2.802734375,-3.0830078125,-0.2001953125,
0.4455,2.40234375,-3.36328125,0.4404296875,
0.446,1.681640625,-3.443359375,1.2412109375,
0.4465,1.201171875,-3.5634765625,1.76171875,
0.447,0.6806640625,-3.4833984375,2.162109375,
0.4475,0.240234375,-3.36328125,2.5224609375,
0.448,-0.3203125,-3.04296875,2.6025390625,
0.4485,-1.0009765625,-2.5625,2.8828125,
0.449,-1.76171875,-1.9619140625,3.04296875,
0.4495,-2.2822265625,-1.3212890625,2.8828125,
0.45,-2.5224609375,-0.80078125,2.642578125,
0.4505,-2.962890625,-0.3203125,2.642578125,
0.451,-3.1630859375,0.3203125,2.2421875,
0.4515,-3.2431640625,1.0009765625,1.6416015625,
0.452,-3.3232421875,1.6416015625,1.0810546875,
0.4525,-3.203125,2.2021484375,0.48046875,
0.453,-3.04296875,2.482421875,0.0400390625,
0.4535,-2.7626953125,2.72265625,-0.5205078125,
0.454,-2.40234375,3.04296875,-1.1611328125,
0.4545,-1.6416015625,3.123046875,-1.9619140625,
0.455,-1.1611328125,3.04296875,-2.3623046875,
0.4555,-0.6806640625,2.8427734375,-2.642578125,
0.456,-0.2802734375,2.8427734375,-3.0830078125,
0.4565,0.3603515625,2.4423828125,-3.203125,
0.457,1.041015625,1.9619140625,-3.36328125,
0.4575,1.76171875,1.3212890625,-3.443359375,
0.458,2.2021484375,0.720703125,-3.283203125,
0.4585,2.4423828125,0.2802734375,-3.0830078125,
0.459,2.8427734375,-0.2001953125,-3.0029296875,
0.4595,3.04296875,-0.9208984375,-2.6025390625,
0.46,3.123046875,-1.6015625,-1.921875,
0.4605,3.04296875,-2.08203125,-1.44140625,
0.461,2.962890625,-2.6025390625,-0.8408203125,
0.4615,2.8427734375,-2.962890625,-0.400390625,
0.462,2.4423828125,-3.1630859375,0.16015625,
0.4625,2.0419921875,-3.4033203125,0.8408203125,
0.463,1.361328125,-3.5634765625,1.5615234375,
0.4635,0.9208984375,-3.4033203125,1.8818359375,
0.464,0.48046875,-3.283203125,2.1220703125,
0.4645,0.0400390625,-3.203125,2.5625,
0.465,-0.640625,-2.72265625,2.72265625,
0.4655,-1.28125,-2.2021484375,2.802734375,
0.466,-1.8818359375,-1.6416015625,2.8427734375,
0.4665,-2.322265625,-1.041015625,2.6826171875,
0.467,-2.6025390625,-0.640625,2.5625,
0.4675,-2.8828125,-0.1201171875,2.40234375,
0.468,-3.1630859375,0.560546875,2.0419921875,
0.4685,-3.203125,1.3212890625,1.3212890625,
0.469,-3.123046875,1.7216796875,0.8408203125,
0.4695,-3.0029296875,2.162109375,0.3203125,
0.47,-2.962890625,2.5625,-0.080078125,
0.4705,-2.482421875,2.6826171875,-0.720703125,
0.471,-2.0419921875,2.8828125,-1.361328125,
0.4715,-1.4814453125,2.962890625,-2.0419921875,
0.472,-1.041015625,2.8427734375,-2.3623046875,
0.4725,-0.6005859375,2.802734375,-2.642578125,
0.473,-0.1201171875,2.6826171875,-2.962890625,
0.4735,0.6005859375,2.2421875,-3.203125,
0.474,1.28125,1.6015625,-3.2431640625,
0.4745,1.76171875,1.12109375,-3.203125,
0.475,2.2421875,0.560546875,-3.1630859375,
0.4755,2.5224609375,0.1201171875,-3.0830078125,
0.476,2.802734375,-0.48046875,-2.72265625,
0.4765,3.04296875,-1.12109375,-2.3623046875,
0.477,3.123046875,-1.921875,-1.6416015625,
0.4775,2.9228515625,-2.2421875,-1.1611328125,
0.478,2.8427734375,-2.642578125,-0.6806640625,
0.4785,2.7626953125,-3.0830078125,-0.16015625,
0.479,2.2021484375,-3.2431640625,0.5205078125,
0.4795,1.6416015625,-3.4033203125,1.201171875,
0.48,1.12109375,-3.4833984375,1.681640625,
0.4805,0.6806640625,-3.36328125,2.0419921875,
0.481,0.240234375,-3.203125,2.322265625,
0.4815,-0.3203125,-2.9228515625,2.6025390625,
0.482,-1.0009765625,-2.482421875,2.8427734375,
0.4825,-1.8017578125,-1.76171875,2.8828125,
0.483,-2.08203125,-1.3212890625,2.72265625,
0.4835,-2.5625,-0.80078125,2.6826171875,
0.484,-2.8828125,-0.3203125,2.5625,
0.4845,-3.04296875,0.3603515625,2.08203125,
0.485,-3.283203125,1.041015625,1.6416015625,
0.4855,-3.2431640625,1.76171875,0.9208984375,
0.486,-3.0830078125,2.08203125,0.48046875,
0.4865,-2.962890625,2.482421875,0,
0.487,-2.72265625,2.7626953125,-0.560546875,
0.4875,-2.2021484375,2.9228515625,-1.28125,
0.488,-1.5615234375,3.04296875,-2.0419921875,
0.4885,-1.0810546875,2.962890625,-2.3623046875,
0.489,-0.640625,2.9228515625,-2.72265625,
0.4895,-0.16015625,2.72265625,-3.0029296875,
0.49,0.48046875,2.322265625,-3.203125,
0.4905,1.201171875,1.921875,-3.4033203125,
0.491,1.921875,1.0810546875,-3.36328125,
0.4915,2.162109375,0.640625,-3.1630859375,
0.492,2.5625,0.1201171875,-3.123046875,
0.4925,2.8828125,-0.3203125,-2.9228515625,
0.493,3.0029296875,-1.12109375,-2.3623046875,
0.4935,3.1630859375,-1.8017578125,-1.8017578125,
0.494,3.04296875,-2.40234375,-1.1611328125,
0.4945,2.962890625,-2.72265625,-0.6806640625,
0.495,2.72265625,-3.0830078125,-0.2001953125,
0.4955,2.40234375,-3.36328125,0.3603515625,
0.496,1.8017578125,-3.5634765625,1.12109375,
0.4965,1.1611328125,-3.5634765625,1.841796875,
0.497,0.720703125,-3.36328125,2.0419921875,
0.4975,0.2802734375,-3.36328125,2.482421875,
0.498,-0.2001953125,-3.0830078125,2.6826171875,
0.4985,-0.9609375,-2.5224609375,2.802734375,
0.499,-1.6416015625,-2.001953125,3.0029296875,
0.4995,-2.2822265625,-1.3212890625,2.9228515625,
0.5,-2.5625,-0.8408203125,2.72265625,
0.5005,-2.8828125,-0.3603515625,2.5625,
0.501,-3.203125,0.16015625,2.40234375,
0.5015,-3.283203125,0.9609375,1.7216796875,
0.502,-3.36328125,1.6416015625,1.12109375,
0.5025,-3.203125,2.162109375,0.48046875,
0.503,-3.1630859375,2.5224609375,0.0400390625,
0.5035,-2.8427734375,2.7626953125,-0.5205078125,
0.504,-2.40234375,2.9228515625,-1.1611328125,
0.5045,-1.8017578125,3.203125,-1.8818359375,
0.505,-1.12109375,3.1630859375,-2.5625,
0.5055,-0.6806640625,2.962890625,-2.72265625,
0.506,-0.2001953125,2.9228515625,-3.123046875,
0.5065,0.400390625,2.6025390625,-3.36328125,
0.507,1.201171875,1.921875,-3.4833984375,
0.5075,1.8818359375,1.361328125,-3.5634765625,
0.508,2.40234375,0.640625,-3.4033203125,
0.5085,2.6826171875,0.2001953125,-3.2431640625,
0.509,2.9228515625,-0.3203125,-3.0029296875,
0.5095,3.2431640625,-1.0009765625,-2.642578125,
0.51,3.36328125,-1.8818359375,-1.9619140625,
0.5105,3.3232421875,-2.5224609375,-1.28125,
0.511,3.04296875,-2.8828125,-0.6806640625,
0.5115,3.04296875,-3.36328125,-0.240234375,
0.512,2.5224609375,-3.5634765625,0.4404296875,
0.5125,1.921875,-3.6435546875,1.201171875,
0.513,1.28125,-3.8037109375,1.921875,
0.5135,0.640625,-3.68359375,2.4423828125,
0.514,0.240234375,-3.4033203125,2.5625,
0.5145,-0.3203125,-3.2431640625,2.8828125,
0.515,-1.041015625,-2.802734375,3.1630859375,
0.5155,-1.8818359375,-1.9619140625,3.1630859375,
0.516,-2.40234375,-1.4013671875,3.123046875,
0.5165,-2.8427734375,-0.720703125,2.8828125,
0.517,-3.203125,-0.2802734375,2.802734375,
0.5175,-3.283203125,0.3203125,2.3623046875,
0.518,-3.5634765625,1.0810546875,1.921875,
0.5185,-3.603515625,1.921875,1.12109375,
0.519,-3.443359375,2.3623046875,0.48046875,
0.5195,-3.1630859375,2.642578125,-0.080078125,
0.52,-3.123046875,3.0830078125,-0.6005859375,
0.5205,-2.482421875,3.283203125,-1.28125,
0.521,-1.8017578125,3.3232421875,-2.0419921875,
0.5215,-1.1611328125,3.36328125,-2.642578125,
0.522,-0.6005859375,3.203125,-3.04296875,
0.5225,-0.16015625,2.962890625,-3.203125,
0.523,0.400390625,2.642578125,-3.4833984375,
0.5235,1.201171875,2.2021484375,-3.7236328125,
0.524,2.0419921875,1.3212890625,-3.7236328125,
0.5245,2.4423828125,0.7607421875,-3.5634765625,
0.525,2.802734375,0.1201171875,-3.283203125,
0.5255,3.1630859375,-0.3203125,-3.203125,
0.526,3.2431640625,-1.0009765625,-2.6025390625,
0.5265,3.443359375,-1.76171875,-2.1220703125,
0.527,3.443359375,-2.5625,-1.361328125,
0.5275,3.1630859375,-2.962890625,-0.7607421875,
0.528,2.8828125,-3.203125,-0.2802734375,
0.5285,2.7626953125,-3.5634765625,0.2802734375,
0.529,2.162109375,-3.7236328125,1.041015625,
0.5295,1.361328125,-3.763671875,1.841796875,
0.53,0.880859375,-3.7236328125,2.2421875,
0.5305,0.3203125,-3.5634765625,2.6025390625,
0.531,-0.16015625,-3.36328125,2.8828125,
0.5315,-0.720703125,-2.8828125,3.0029296875,
0.532,-1.4814453125,-2.4423828125,3.2431640625,
0.5325,-2.322265625,-1.5615234375,3.203125,
0.533,-2.6025390625,-1.0009765625,2.962890625,
0.5335,-2.962890625,-0.4404296875,2.7626953125,
0.534,-3.36328125,0.0400390625,2.6826171875,
0.5345,-3.443359375,0.7607421875,2.0419921875,
0.535,-3.5634765625,1.44140625,1.4814453125,
0.5355,-3.5634765625,2.2021484375,0.720703125,
0.536,-3.3232421875,2.5625,0.1201171875,
0.5365,-3.0830078125,2.8828125,-0.3203125,
0.537,-2.7626953125,3.1630859375,-0.9208984375,
0.5375,-2.2021484375,3.4033203125,-1.6416015625,
0.538,-1.361328125,3.4033203125,-2.5224609375,
0.5385,-0.880859375,3.203125,-2.802734375,
0.539,-0.3603515625,3.123046875,-3.203125,
0.5395,0.16015625,2.962890625,-3.4833984375,
0.54,0.8408203125,2.3623046875,-3.5634765625,
0.5405,1.5615234375,1.841796875,-3.8037109375,
0.541,2.4423828125,0.9609375,-3.7236328125,
0.5415,2.6826171875,0.400390625,-3.443359375,
0.542,3.04296875,-0.16015625,-3.2431640625,
0.5425,3.4033203125,-0.720703125,-3.0830078125,
0.543,3.4833984375,-1.6015625,-2.3623046875,
0.5435,3.5234375,-2.3623046875,-1.681640625,
0.544,3.3232421875,-2.962890625,-1.0009765625,
0.5445,3.1630859375,-3.3232421875,-0.3603515625,
0.545,2.8828125,-3.5634765625,0.16015625,
0.5455,2.40234375,-3.8037109375,0.8408203125,
0.546,1.76171875,-4.00390625,1.681640625,
0.5465,0.880859375,-3.9638671875,2.5224609375,
0.547,0.400390625,-3.68359375,2.642578125,
0.5475,-0.080078125,-3.5634765625,3.04296875,
0.548,-0.6806640625,-3.2431640625,3.283203125,
0.5485,-1.4814453125,-2.5224609375,3.283203125,
0.549,-2.2822265625,-1.8818359375,3.443359375,
0.5495,-2.962890625,-1.0009765625,3.283203125,
0.55,-3.203125,-0.48046875,2.962890625,
0.5505,-3.4833984375,0.080078125,2.72265625,
0.551,-3.763671875,0.6806640625,2.40234375,
0.5515,-3.8037109375,1.6015625,1.5615234375,
0.552,-3.8037109375,2.3623046875,0.7607421875,
0.5525,-3.4833984375,2.8427734375,0.080078125,
0.553,-3.36328125,3.283203125,-0.400390625,
0.5535,-2.9228515625,3.443359375,-1.0009765625,
0.554,-2.2822265625,3.603515625,-1.8017578125,
0.5545,-1.5615234375,3.763671875,-2.6025390625,
0.555,-0.720703125,3.603515625,-3.283203125,
0.5555,-0.2802734375,3.2431640625,-3.4033203125,
0.556,0.240234375,3.1630859375,-3.763671875,
0.5565,0.9609375,2.6826171875,-3.9638671875,
0.557,1.841796875,1.8017578125,-3.923828125,
0.5575,2.5224609375,1.12109375,-3.9638671875,
0.558,3.123046875,0.2802734375,-3.7236328125,
0.5585,3.3232421875,-0.240234375,-3.4033203125,
0.559,3.5234375,-0.8408203125,-3.0830078125,
0.5595,3.8037109375,-1.6416015625,-2.6025390625,
0.56,3.763671875,-2.6025390625,-1.7216796875,
0.5605,3.6435546875,-3.0830078125,-1.0009765625,
0.561,3.283203125,-3.4833984375,-0.3203125,
0.5615,3.1630859375,-3.8837890625,0.2001953125,
0.562,2.5224609375,-4.00390625,0.9208984375,
0.5625,1.841796875,-4.1240234375,1.76171875,
0.563,1.0810546875,-4.1640625,2.5224609375,
0.5635,0.3603515625,-3.9638671875,3.0029296875,
0.564,-0.1201171875,-3.603515625,3.0830078125,
0.5645,-0.640625,-3.4033203125,3.4033203125,
0.565,-1.44140625,-2.8427734375,3.603515625,
0.5655,-2.2822265625,-1.921875,3.5234375,
0.566,-2.8427734375,-1.28125,3.4033203125,
0.5665,-3.283203125,-0.48046875,3.123046875,
0.567,-3.5634765625,0,2.8828125,
0.5675,-3.68359375,0.6005859375,2.40234375,
0.568,-3.923828125,1.3212890625,1.921875,
0.5685,-3.8837890625,2.3623046875,0.9609375,
0.569,-3.603515625,2.72265625,0.2802734375,
0.5695,-3.283203125,3.0830078125,-0.2802734375,
0.57,-3.2431640625,3.5234375,-0.7607421875,
0.5705,-2.5224609375,3.5634765625,-1.5615234375,
0.571,-1.76171875,3.6435546875,-2.322265625,
0.5715,-1.0810546875,3.6435546875,-3.0029296875,
0.572,-0.4404296875,3.4033203125,-3.36328125,
0.5725,0.0400390625,3.0830078125,-3.5234375,
0.573,0.6005859375,2.8427734375,-3.8037109375,
0.5735,1.4013671875,2.2421875,-4.00390625,
0.574,2.2421875,1.28125,-3.8837890625,
0.5745,2.642578125,0.720703125,-3.7236328125,
0.575,3.04296875,0,-3.4833984375,
0.5755,3.4033203125,-0.5205078125,-3.283203125,
0.576,3.443359375,-1.1611328125,-2.72265625,
0.5765,3.6435546875,-1.8818359375,-2.2021484375,
0.577,3.603515625,-2.72265625,-1.3212890625,
0.5775,3.3232421875,-3.0830078125,-0.720703125,
0.578,3.04296875,-3.36328125,-0.16015625,
0.5785,2.8828125,-3.8037109375,0.3603515625,
0.579,2.2021484375,-3.8837890625,1.1611328125,
0.5795,1.4013671875,-3.8837890625,1.921875,
0.58,0.8408203125,-3.84375,2.40234375,
0.5805,0.2802734375,-3.68359375,2.72265625,
0.581,-0.2001953125,-3.4033203125,2.962890625,
0.5815,-0.7607421875,-3.04296875,3.1630859375,
0.582,-1.5615234375,-2.5625,3.36328125,
0.5825,-2.3623046875,-1.6015625,3.283203125,
0.583,-2.642578125,-1.1611328125,3.0029296875,
0.5835,-3.0830078125,-0.5205078125,2.8427734375,
0.584,-3.4833984375,0,2.6826171875,
0.5845,-3.4833984375,0.7607421875,2.162109375,
0.585,-3.6435546875,1.44140625,1.5615234375,
0.5855,-3.5634765625,2.2421875,0.7607421875,
0.586,-3.283203125,2.5625,0.240234375,
0.5865,-3.1630859375,2.8427734375,-0.2802734375,
0.587,-2.8828125,3.203125,-0.80078125,
0.5875,-2.2822265625,3.36328125,-1.6015625,
0.588,-1.4814453125,3.4033203125,-2.40234375,
0.5885,-1.0009765625,3.2431640625,-2.72265625,
0.589,-0.4404296875,3.1630859375,-3.0830078125,
0.5895,0.0400390625,2.9228515625,-3.36328125,
0.59,0.6806640625,2.4423828125,-3.5234375,
0.5905,1.44140625,1.9619140625,-3.8037109375,
0.591,2.2421875,1.041015625,-3.68359375,
0.5915,2.5224609375,0.48046875,-3.36328125,
0.592,2.8427734375,-0.080078125,-3.283203125,
0.5925,3.2431640625,-0.560546875,-3.0830078125,
0.593,3.3232421875,-1.28125,-2.482421875,
0.5935,3.443359375,-2.0419921875,-1.841796875,
0.594,3.3232421875,-2.642578125,-1.1611328125,
0.5945,3.123046875,-3.04296875,-0.6005859375,
0.595,2.8828125,-3.3232421875,-0.080078125,
0.5955,2.5224609375,-3.603515625,0.560546875,
0.596,1.921875,-3.8037109375,1.3212890625,
0.5965,1.12109375,-3.8037109375,2.162109375,
0.597,0.640625,-3.603515625,2.3623046875,
0.5975,0.16015625,-3.5234375,2.72265625,
0.598,-0.400390625,-3.2431640625,3.0029296875,
0.5985,-1.12109375,-2.642578125,3.0830078125,
0.599,-1.8818359375,-2.1220703125,3.283203125,
0.5995,-2.6025390625,-1.28125,3.1630859375,
0.6,-2.8427734375,-0.80078125,2.8427734375,
0.6005,-3.1630859375,-0.2001953125,2.72265625,
0.601,-3.4833984375,0.3603515625,2.5224609375,
0.6015,-3.5634765625,1.201171875,1.76171875,
0.602,-3.603515625,1.921875,1.0810546875,
0.6025,-3.4033203125,2.482421875,0.400390625,
0.603,-3.2431640625,2.8427734375,-0.1201171875,
0.6035,-2.962890625,3.123046875,-0.640625,
0.604,-2.4423828125,3.3232421875,-1.3212890625,
0.6045,-1.8017578125,3.5234375,-2.162109375,
0.605,-1.0009765625,3.443359375,-2.8427734375,
0.6055,-0.560546875,3.1630859375,-3.0029296875,
0.606,-0.080078125,3.04296875,-3.4033203125,
0.6065,0.560546875,2.6826171875,-3.603515625,
0.607,1.3212890625,1.921875,-3.7236328125,
0.6075,2.0419921875,1.3212890625,-3.8037109375,
0.608,2.6826171875,0.48046875,-3.603515625,
0.6085,2.9228515625,0.0400390625,-3.3232421875,
0.609,3.1630859375,-0.5205078125,-3.0830078125,
0.6095,3.5234375,-1.1611328125,-2.72265625,
0.61,3.5634765625,-2.08203125,-1.9619140625,
0.6105,3.4833984375,-2.6826171875,-1.2412109375,
0.611,3.1630859375,-3.0830078125,-0.6005859375,
0.6115,3.123046875,-3.5234375,-0.1201171875,
0.612,2.6025390625,-3.6435546875,0.5205078125,
0.6125,2.001953125,-3.84375,1.28125,
0.613,1.3212890625,-3.9638671875,2.0419921875,
0.6135,0.640625,-3.8037109375,2.5625,
0.614,0.2001953125,-3.4833984375,2.6826171875,
0.6145,-0.3203125,-3.36328125,3.04296875,
0.615,-1.041015625,-2.9228515625,3.2431640625,
0.6155,-1.841796875,-2.1220703125,3.203125,
0.616,-2.4423828125,-1.5615234375,3.203125,
0.6165,-2.8828125,-0.80078125,3.0029296875,
0.617,-3.1630859375,-0.3203125,2.802734375,
0.6175,-3.36328125,0.2802734375,2.4423828125,
0.618,-3.603515625,0.9609375,2.0419921875,
0.6185,-3.68359375,1.8818359375,1.2412109375,
0.619,-3.4833984375,2.2822265625,0.6005859375,
0.6195,-3.203125,2.6025390625,0.0400390625,
0.62,-3.1630859375,3.0830078125,-0.4404296875,
0.6205,-2.6025390625,3.2431640625,-1.1611328125,
0.621,-1.9619140625,3.3232421875,-1.841796875,
0.6215,-1.3212890625,3.4033203125,-2.5224609375,
0.622,-0.720703125,3.203125,-2.9228515625,
0.6225,-0.3203125,3.0029296875,-3.0830078125,
0.623,0.240234375,2.72265625,-3.4033203125,
0.6235,0.9208984375,2.322265625,-3.68359375,
0.624,1.681640625,1.521484375,-3.6435546875,
0.6245,2.162109375,1.0009765625,-3.4833984375,
0.625,2.5625,0.3603515625,-3.283203125,
0.6255,2.9228515625,-0.1201171875,-3.203125,
0.626,3.0830078125,-0.6806640625,-2.7626953125,
0.6265,3.3232421875,-1.361328125,-2.3623046875,
0.627,3.36328125,-2.2021484375,-1.6416015625,
0.6275,3.1630859375,-2.6025390625,-1.0009765625,
0.628,2.9228515625,-2.9228515625,-0.5205078125,
0.6285,2.8427734375,-3.36328125,0,
0.629,2.322265625,-3.5634765625,0.6806640625,
0.6295,1.6416015625,-3.603515625,1.4013671875,
0.63,1.12109375,-3.603515625,1.921875,
0.6305,0.6005859375,-3.5234375,2.2822265625,
0.631,0.16015625,-3.36328125,2.5224609375,
0.6315,-0.3603515625,-3.0830078125,2.72265625,
0.632,-1.0810546875,-2.642578125,2.962890625,
0.6325,-1.841796875,-1.8818359375,3.04296875,
0.633,-2.2021484375,-1.3212890625,2.8427734375,
0.6335,-2.6025390625,-0.80078125,2.6826171875,
0.634,-2.962890625,-0.3203125,2.642578125,
0.6345,-3.1630859375,0.3203125,2.2421875,
0.635,-3.283203125,0.9609375,1.7216796875,
0.6355,-3.3232421875,1.681640625,1.12109375,
0.636,-3.1630859375,2.08203125,0.5205078125,
0.6365,-3.0029296875,2.40234375,0.080078125,
0.637,-2.8427734375,2.7626953125,-0.4404296875,
0.6375,-2.40234375,3.04296875,-1.12109375,
0.638,-1.681640625,3.0830078125,-1.8818359375,
0.6385,-1.28125,3.0029296875,-2.2021484375,
0.639,-0.80078125,2.8828125,-2.6025390625,
0.6395,-0.3203125,2.802734375,-2.9228515625,
0.64,0.240234375,2.40234375,-3.1630859375,
0.6405,0.9208984375,2.0419921875,-3.36328125,
0.641,1.681640625,1.361328125,-3.4033203125,
0.6415,2.001953125,0.8408203125,-3.203125,
0.642,2.3623046875,0.3603515625,-3.0830078125,
0.6425,2.7626953125,-0.1201171875,-3.04296875,
0.643,3.0029296875,-0.80078125,-2.6025390625,
0.6435,3.123046875,-1.4814453125,-2.001953125,
0.644,3.04296875,-2.0419921875,-1.4814453125,
0.6445,2.9228515625,-2.5224609375,-0.9208984375,
0.645,2.8427734375,-2.8427734375,-0.5205078125,
0.6455,2.5224609375,-3.0830078125,0.080078125,
0.646,2.08203125,-3.36328125,0.7607421875,
0.6465,1.4013671875,-3.4833984375,1.521484375,
0.647,1.0009765625,-3.4033203125,1.76171875,
0.6475,0.560546875,-3.36328125,2.162109375,
0.648,0.0400390625,-3.2431640625,2.5224609375,
0.6485,-0.6005859375,-2.72265625,2.6826171875,
0.649,-1.28125,-2.2421875,2.8427734375,
0.6495,-1.921875,-1.6416015625,2.8828125,
0.65,-2.2822265625,-1.0810546875,2.6826171875,
0.6505,-2.6025390625,-0.640625,2.5625,
0.651,-2.962890625,-0.1201171875,2.4423828125,
0.6515,-3.203125,0.6005859375,2.001953125,
0.652,-3.2431640625,1.361328125,1.3212890625,
0.6525,-3.123046875,1.76171875,0.8408203125,
0.653,-3.0830078125,2.2421875,0.3203125,
0.6535,-2.9228515625,2.5625,-0.16015625,
0.654,-2.482421875,2.802734375,-0.80078125,
0.6545,-2.0419921875,3.0830078125,-1.4814453125,
0.655,-1.361328125,3.0830078125,-2.2421875,
0.6555,-1.0009765625,2.8828125,-2.4423828125,
0.656,-0.560546875,2.802734375,-2.8427734375,
0.6565,0,2.72265625,-3.123046875,
0.657,0.7607421875,2.162109375,-3.283203125,
0.6575,1.4814453125,1.5615234375,-3.36328125,
0.658,1.9619140625,0.9609375,-3.283203125,
0.6585,2.3623046875,0.4404296875,-3.203125,
0.659,2.642578125,0,-3.04296875,
0.6595,2.9228515625,-0.640625,-2.72265625,
0.66,3.1630859375,-1.361328125,-2.2421875,
0.6605,3.1630859375,-2.1220703125,-1.4814453125,
0.661,2.962890625,-2.40234375,-1.041015625,
0.6615,2.9228515625,-2.8427734375,-0.560546875,
0.662,2.6826171875,-3.1630859375,0,
0.6625,2.08203125,-3.283203125,0.6806640625,
0.663,1.6015625,-3.5634765625,1.3212890625,
0.6635,1.0009765625,-3.5634765625,1.921875,
0.664,0.560546875,-3.36328125,2.1220703125,
0.6645,0.1201171875,-3.1630859375,2.40234375,
0.665,-0.4404296875,-2.9228515625,2.72265625,
0.6655,-1.2412109375,-2.3623046875,2.8828125,
0.666,-1.8818359375,-1.681640625,2.9228515625,
0.6665,-2.2421875,-1.1611328125,2.72265625,
0.667,-2.642578125,-0.6806640625,2.6826171875,
0.6675,-2.8828125,-0.2001953125,2.482421875,
0.668,-3.0830078125,0.400390625,2.0419921875,
0.6685,-3.283203125,1.12109375,1.5615234375,
0.669,-3.2431640625,1.841796875,0.880859375,
0.6695,-3.04296875,2.0419921875,0.4404296875,
0.67,-2.962890625,2.482421875,0,
0.6705,-2.72265625,2.802734375,-0.560546875,
0.671,-2.1220703125,2.8427734375,-1.28125,
0.6715,-1.6015625,3.04296875,-1.9619140625,
0.672,-1.12109375,2.9228515625,-2.40234375,
0.6725,-0.6806640625,2.8828125,-2.642578125,
0.673,-0.2001953125,2.6826171875,-2.8828125,
0.6735,0.3603515625,2.40234375,-3.1630859375,
0.674,1.12109375,1.8818359375,-3.36328125,
0.6745,1.76171875,1.201171875,-3.283203125,
0.675,2.0419921875,0.6806640625,-3.0830078125,
0.6755,2.5224609375,0.240234375,-3.1630859375,
0.676,2.802734375,-0.3203125,-2.8828125,
0.6765,2.9228515625,-0.9609375,-2.40234375,
0.677,3.123046875,-1.6416015625,-1.921875,
0.6775,3.04296875,-2.2822265625,-1.28125,
0.678,2.8828125,-2.5625,-0.8408203125,
0.6785,2.72265625,-2.9228515625,-0.3203125,
0.679,2.482421875,-3.203125,0.2802734375,
0.6795,1.841796875,-3.4033203125,1.0009765625,
0.68,1.28125,-3.5234375,1.5615234375,
0.6805,0.880859375,-3.3232421875,1.921875,
0.681,0.4404296875,-3.283203125,2.2822265625,
0.6815,-0.080078125,-3.0029296875,2.482421875,
0.682,-0.720703125,-2.6025390625,2.6826171875,
0.6825,-1.44140625,-2.08203125,2.8828125,
0.683,-2.001953125,-1.44140625,2.802734375,
0.6835,-2.2822265625,-1.0009765625,2.6025390625,
0.684,-2.72265625,-0.5205078125,2.5625,
0.6845,-3.0029296875,0.0400390625,2.322265625,
0.685,-3.1630859375,0.7607421875,1.76171875,
0.6855,-3.203125,1.4013671875,1.2412109375,
0.686,-3.1630859375,1.921875,0.640625,
0.6865,-3.0830078125,2.2822265625,0.240234375,
0.687,-2.7626953125,2.5224609375,-0.3203125,
0.6875,-2.4423828125,2.802734375,-0.9609375,
0.688,-1.8818359375,3.0029296875,-1.7216796875,
0.6885,-1.3212890625,3.0029296875,-2.162109375,
0.689,-0.880859375,2.8427734375,-2.4423828125,
0.6895,-0.400390625,2.8828125,-2.8828125,
0.69,0.2001953125,2.5224609375,-3.0830078125,
0.6905,0.880859375,1.9619140625,-3.203125,
0.691,1.5615234375,1.4814453125,-3.36328125,
0.6915,2.0419921875,0.8408203125,-3.2431640625,
0.692,2.322265625,0.400390625,-3.0830078125,
0.6925,2.6826171875,-0.1201171875,-2.962890625,
0.693,3.0029296875,-0.720703125,-2.642578125,
0.6935,3.123046875,-1.5615234375,-2.001953125,
0.694,3.04296875,-2.0419921875,-1.4814453125,
0.6945,2.9228515625,-2.5224609375,-0.9208984375,
0.695,2.9228515625,-2.962890625,-0.5205078125,
0.6955,2.482421875,-3.1630859375,0.16015625,
0.696,1.9619140625,-3.3232421875,0.80078125,
0.6965,1.4013671875,-3.5234375,1.521484375,
0.697,0.9208984375,-3.443359375,1.921875,
0.6975,0.5205078125,-3.2431640625,2.162109375,
0.698,0.0400390625,-3.1630859375,2.5224609375,
0.6985,-0.640625,-2.7626953125,2.802734375,
0.699,-1.4013671875,-2.1220703125,2.8427734375,
0.6995,-1.921875,-1.6416015625,2.8427734375,
0.7,-2.40234375,-1.041015625,2.72265625,
0.7005,-2.72265625,-0.6005859375,2.6826171875,
0.701,-2.962890625,0,2.3623046875,
0.7015,-3.203125,0.640625,1.9619140625,
0.702,-3.36328125,1.4814453125,1.28125,
0.7025,-3.203125,1.8818359375,0.7607421875,
0.703,-3.04296875,2.2021484375,0.2802734375,
0.7035,-3.04296875,2.6826171875,-0.2001953125,
0.704,-2.5224609375,2.8828125,-0.9208984375,
0.7045,-1.9619140625,3.04296875,-1.6015625,
0.705,-1.4013671875,3.123046875,-2.2021484375,
0.7055,-0.9208984375,3.0029296875,-2.5625,
0.706,-0.4404296875,2.8427734375,-2.802734375,
0.7065,0.080078125,2.642578125,-3.0830078125,
0.707,0.80078125,2.2021484375,-3.36328125,
0.7075,1.6015625,1.44140625,-3.443359375,
0.708,1.9619140625,0.9609375,-3.3232421875,
0.7085,2.40234375,0.400390625,-3.203125,
0.709,2.802734375,0,-3.123046875,
0.7095,2.962890625,-0.720703125,-2.642578125,
0.71,3.1630859375,-1.4013671875,-2.2421875,
0.7105,3.2431640625,-2.2021484375,-1.521484375,
0.711,3.04296875,-2.6025390625,-1.0009765625,
0.7115,2.8828125,-2.9228515625,-0.5205078125,
0.712,2.72265625,-3.283203125,0,
0.7125,2.162109375,-3.4833984375,0.80078125,
0.713,1.4814453125,-3.5634765625,1.5615234375,
0.7135,1.0009765625,-3.5634765625,1.9619140625,
0.714,0.5205078125,-3.4833984375,2.3623046875,
0.7145,0.0400390625,-3.2431640625,2.6025390625,
0.715,-0.6005859375,-2.8828125,2.802734375,
0.7155,-1.3212890625,-2.40234375,3.04296875,
0.716,-2.1220703125,-1.6015625,3.0830078125,
0.7165,-2.40234375,-1.12109375,2.8427734375,
0.717,-2.802734375,-0.6005859375,2.72265625,
0.7175,-3.1630859375,-0.080078125,2.6025390625,
0.718,-3.283203125,0.640625,2.0419921875,
0.7185,-3.443359375,1.4013671875,1.44140625,
0.719,-3.4033203125,2.0419921875,0.7607421875,
0.7195,-3.203125,2.40234375,0.2802734375,
0.72,-3.04296875,2.72265625,-0.240234375,
0.7205,-2.72265625,3.0830078125,-0.8408203125,
0.721,-2.1220703125,3.2431640625,-1.6015625,
0.7215,-1.361328125,3.3232421875,-2.4423828125,
0.722,-0.9208984375,3.1630859375,-2.642578125,
0.7225,-0.4404296875,3.0830078125,-3.0830078125,
0.723,0.080078125,2.8427734375,-3.3232421875,
0.7235,0.80078125,2.2822265625,-3.4833984375,
0.724,1.5615234375,1.76171875,-3.6435546875,
0.7245,2.3623046875,0.9208984375,-3.603515625,
0.725,2.5224609375,0.400390625,-3.283203125,
0.7255,2.8828125,-0.080078125,-3.1630859375,
0.726,3.203125,-0.640625,-2.962890625,
0.7265,3.3232421875,-1.4814453125,-2.2822265625,
0.727,3.4033203125,-2.2822265625,-1.6416015625,
0.7275,3.2431640625,-2.802734375,-1.0009765625,
0.728,3.0830078125,-3.1630859375,-0.48046875,
0.7285,2.802734375,-3.36328125,0.0400390625,
0.729,2.3623046875,-3.603515625,0.720703125,
0.7295,1.7216796875,-3.8037109375,1.5615234375,
0.73,0.9609375,-3.8037109375,2.2822265625,
0.7305,0.5205078125,-3.5234375,2.40234375,
0.731,0.0400390625,-3.4833984375,2.802734375,
0.7315,-0.5205078125,-3.1630859375,3.0029296875,
0.732,-1.28125,-2.4423828125,3.04296875,
0.7325,-2.001953125,-1.8818359375,3.203125,
0.733,-2.642578125,-1.12109375,3.0830078125,
0.7335,-2.8828125,-0.640625,2.802734375,
0.734,-3.1630859375,-0.080078125,2.6025390625,
0.7345,-3.443359375,0.48046875,2.322265625,
0.735,-3.5634765625,1.3212890625,1.6015625,
0.7355,-3.5234375,1.9619140625,0.9208984375,
0.736,-3.3232421875,2.4423828125,0.3203125,
0.7365,-3.2431640625,2.8427734375,-0.16015625,
0.737,-2.8828125,3.04296875,-0.6806640625,
0.7375,-2.322265625,3.203125,-1.4013671875,
0.738,-1.681640625,3.36328125,-2.162109375,
0.7385,-1.0009765625,3.3232421875,-2.7626953125,
0.739,-0.6005859375,3.04296875,-2.8828125,
0.7395,-0.080078125,2.962890625,-3.283203125,
0.74,0.560546875,2.6025390625,-3.5234375,
0.7405,1.3212890625,1.921875,-3.5634765625,
0.741,1.9619140625,1.28125,-3.6435546875,
0.7415,2.5224609375,0.6005859375,-3.4833984375,
0.742,2.802734375,0.1201171875,-3.283203125,
0.7425,3.04296875,-0.4404296875,-2.962890625,
0.743,3.3232421875,-1.1611328125,-2.6025390625,
0.7435,3.4833984375,-2.001953125,-1.921875,
0.744,3.3232421875,-2.5625,-1.2412109375,
0.7445,3.0830078125,-2.8828125,-0.6806640625,
0.745,3.04296875,-3.36328125,-0.240234375,
0.7455,2.5224609375,-3.5634765625,0.4404296875,
0.746,1.921875,-3.6435546875,1.201171875,
0.7465,1.3212890625,-3.8037109375,1.8818359375,
0.747,0.720703125,-3.7236328125,2.40234375,
0.7475,0.2802734375,-3.4033203125,2.5224609375,
0.748,-0.240234375,-3.2431640625,2.8427734375,
0.7485,-0.9609375,-2.8828125,3.123046875,
0.749,-1.8017578125,-2.0419921875,3.1630859375,
0.7495,-2.2822265625,-1.4814453125,3.123046875,
0.75,-2.72265625,-0.8408203125,2.8828125,
0.7505,-3.0830078125,-0.3603515625,2.8427734375,
0.751,-3.2431640625,0.2001953125,2.40234375,
0.7515,-3.5234375,0.9208984375,1.921875,
0.752,-3.603515625,1.841796875,1.201171875,
0.7525,-3.443359375,2.2822265625,0.560546875,
0.753,-3.203125,2.5625,0.0400390625,
0.7535,-3.1630859375,3.04296875,-0.4404296875,
0.754,-2.5625,3.2431640625,-1.1611328125,
0.7545,-1.841796875,3.3232421875,-1.9619140625,
0.755,-1.28125,3.36328125,-2.5625,
0.7555,-0.6806640625,3.2431640625,-2.962890625,
0.756,-0.2802734375,3.04296875,-3.203125,
0.7565,0.3203125,2.6826171875,-3.4033203125,
0.757,1.12109375,2.2421875,-3.7236328125,
0.7575,2.001953125,1.4013671875,-3.7236328125,
0.758,2.3623046875,0.80078125,-3.5634765625,
0.7585,2.72265625,0.240234375,-3.3232421875,
0.759,3.123046875,-0.3203125,-3.2431640625,
0.7595,3.283203125,-1.041015625,-2.72265625,
0.76,3.443359375,-1.7216796875,-2.162109375,
0.7605,3.4833984375,-2.5224609375,-1.4013671875,
0.761,3.2431640625,-2.9228515625,-0.80078125,
0.7615,3.0029296875,-3.203125,-0.2802734375,
0.762,2.802734375,-3.603515625,0.2802734375,
0.7625,2.2021484375,-3.8037109375,1.0810546875,
0.763,1.361328125,-3.84375,1.921875,
0.7635,0.8408203125,-3.763671875,2.2822265625,
0.764,0.3203125,-3.603515625,2.6826171875,
0.7645,-0.2001953125,-3.4033203125,2.962890625,
0.765,-0.8408203125,-2.9228515625,3.0830078125,
0.7655,-1.6015625,-2.40234375,3.3232421875,
0.766,-2.482421875,-1.521484375,3.3232421875,
0.7665,-2.7626953125,-0.9609375,3.04296875,
0.767,-3.0830078125,-0.400390625,2.8427734375,
0.7675,-3.4833984375,0.080078125,2.6826171875,
0.768,-3.603515625,0.9609375,2.0419921875,
0.7685,-3.7236328125,1.7216796875,1.4013671875,
0.769,-3.603515625,2.40234375,0.6005859375,
0.7695,-3.4033203125,2.802734375,0.0400390625,
0.77,-3.1630859375,3.0830078125,-0.48046875,
0.7705,-2.7626953125,3.36328125,-1.12109375,
0.771,-2.1220703125,3.5634765625,-1.921875,
0.7715,-1.2412109375,3.603515625,-2.802734375,
0.772,-0.720703125,3.3232421875,-3.04296875,
0.7725,-0.240234375,3.2431640625,-3.4033203125,
0.773,0.3203125,3.0029296875,-3.68359375,
0.7735,1.0810546875,2.3623046875,-3.8037109375,
0.774,1.921875,1.76171875,-3.923828125,
0.7745,2.7626953125,0.7607421875,-3.8837890625,
0.775,3.0029296875,0.16015625,-3.5634765625,
0.7755,3.283203125,-0.3603515625,-3.283203125,
0.776,3.6435546875,-1.0009765625,-3.0830078125,
0.7765,3.68359375,-1.8818359375,-2.2822265625,
0.777,3.763671875,-2.6826171875,-1.4814453125,
0.7775,3.5234375,-3.2431640625,-0.720703125,
0.778,3.3232421875,-3.6435546875,-0.16015625,
0.7785,2.9228515625,-3.84375,0.3603515625,
0.779,2.40234375,-4.0439453125,1.12109375,
0.7795,1.6015625,-4.2041015625,2.0419921875,
0.78,0.6806640625,-4.1640625,2.8828125,
0.7805,0.2001953125,-3.763671875,2.962890625,
0.781,-0.3203125,-3.68359375,3.3232421875,
0.7815,-0.9609375,-3.2431640625,3.5234375,
0.782,-1.8017578125,-2.4423828125,3.5234375,
0.7825,-2.5625,-1.7216796875,3.68359375,
0.783,-3.283203125,-0.8408203125,3.443359375,
0.7835,-3.443359375,-0.3203125,3.04296875,
0.784,-3.7236328125,0.2802734375,2.7626953125,
0.7845,-3.9638671875,0.9609375,2.3623046875,
0.785,-3.9638671875,1.921875,1.44140625,
0.7855,-3.8837890625,2.642578125,0.6806640625,
0.786,-3.5634765625,3.123046875,0,
0.7865,-3.4033203125,3.4833984375,-0.6005859375,
0.787,-2.9228515625,3.5634765625,-1.1611328125,
0.7875,-2.2822265625,3.763671875,-1.9619140625,
0.788,-1.4814453125,3.84375,-2.7626953125,
0.7885,-0.640625,3.68359375,-3.4833984375,
0.789,-0.16015625,3.283203125,-3.4833984375,
0.7895,0.3203125,3.1630859375,-3.8837890625,
0.79,1.0009765625,2.642578125,-4.00390625,
0.7905,1.76171875,1.7216796875,-3.8837890625,
0.791,2.5625,1.0810546875,-4.00390625,
0.7915,3.123046875,0.240234375,-3.7236328125,
0.792,3.283203125,-0.240234375,-3.443359375,
0.7925,3.4833984375,-0.80078125,-3.0830078125,
0.793,3.7236328125,-1.4814453125,-2.6025390625,
0.7935,3.7236328125,-2.40234375,-1.76171875,
0.794,3.5634765625,-3.0029296875,-1.041015625,
0.7945,3.2431640625,-3.36328125,-0.400390625,
0.795,3.1630859375,-3.8037109375,0.1201171875,
0.7955,2.5625,-3.84375,0.720703125,
0.796,1.921875,-4.00390625,1.521484375,
0.7965,1.2412109375,-4.0439453125,2.2421875,
0.797,0.5205078125,-3.8837890625,2.802734375,
0.7975,0.0400390625,-3.5634765625,2.8427734375,
0.798,-0.4404296875,-3.4033203125,3.203125,
0.7985,-1.2412109375,-3.0830078125,3.36328125,
0.799,-1.9619140625,-2.08203125,3.3232421875,
0.7995,-2.5224609375,-1.4814453125,3.2431640625,
0.8,-3.0029296875,-0.720703125,3.04296875,
0.8005,-3.283203125,-0.2802734375,2.8828125,
0.801,-3.443359375,0.2802734375,2.5224609375,
0.8015,-3.7236328125,1.0009765625,2.0419921875,
0.802,-3.7236328125,1.921875,1.28125,
0.8025,-3.5234375,2.40234375,0.560546875,
0.803,-3.203125,2.6826171875,0,
0.8035,-3.203125,3.203125,-0.5205078125,
0.804,-2.6025390625,3.3232421875,-1.201171875,
0.8045,-1.9619140625,3.4033203125,-1.9619140625,
0.805,-1.3212890625,3.4833984375,-2.6025390625,
0.8055,-0.6806640625,3.3232421875,-3.0830078125,
0.806,-0.2802734375,3.04296875,-3.203125,
0.8065,0.240234375,2.72265625,-3.5634765625,
0.807,1.0009765625,2.3623046875,-3.8037109375,
0.8075,1.921875,1.44140625,-3.7236328125,
0.808,2.3623046875,0.9208984375,-3.603515625,
0.8085,2.7626953125,0.240234375,-3.4033203125,
0.809,3.1630859375,-0.2001953125,-3.3232421875,
0.8095,3.283203125,-0.8408203125,-2.802734375,
0.81,3.5234375,-1.6015625,-2.322265625,
0.8105,3.5234375,-2.4423828125,-1.521484375,
0.811,3.283203125,-2.8828125,-0.880859375,
0.8115,3.0029296875,-3.1630859375,-0.3603515625,
0.812,2.8828125,-3.6435546875,0.240234375,
0.8125,2.2421875,-3.763671875,0.9609375,
0.813,1.521484375,-3.84375,1.8017578125,
0.8135,0.9208984375,-3.8037109375,2.2822265625,
0.814,0.3603515625,-3.68359375,2.6826171875,
0.8145,-0.1201171875,-3.5234375,2.8427734375,
0.815,-0.720703125,-3.0830078125,3.0830078125,
0.8155,-1.44140625,-2.5625,3.203125,
0.816,-2.40234375,-1.6015625,3.3232421875,
0.8165,-2.6826171875,-1.041015625,3.04296875,
0.817,-3.0830078125,-0.4404296875,2.8427734375,
0.8175,-3.4833984375,0.080078125,2.7626953125,
0.818,-3.5234375,0.80078125,2.08203125,
0.8185,-3.7236328125,1.5615234375,1.5615234375,
0.819,-3.6435546875,2.3623046875,0.720703125,
0.8195,-3.36328125,2.72265625,0.1201171875,
0.82,-3.123046875,2.962890625,-0.3603515625,
0.8205,-2.8828125,3.3232421875,-1.0009765625,
0.821,-2.2021484375,3.4833984375,-1.76171875,
0.8215,-1.3212890625,3.5234375,-2.6025390625,
0.822,-0.80078125,3.3232421875,-2.9228515625,
0.8225,-0.240234375,3.1630859375,-3.36328125,
0.823,0.240234375,2.8828125,-3.5634765625,
0.8235,0.9208984375,2.482421875,-3.603515625,
0.824,1.6416015625,1.8818359375,-3.8837890625,
0.8245,2.5224609375,0.9208984375,-3.763671875,
0.825,2.72265625,0.3603515625,-3.4833984375,
0.8255,3.04296875,-0.2001953125,-3.2431640625,
0.826,3.443359375,-0.720703125,-3.0830078125,
0.8265,3.443359375,-1.521484375,-2.3623046875,
0.827,3.5234375,-2.2822265625,-1.681640625,
0.8275,3.36328125,-2.8828125,-1.0009765625,
0.828,3.1630859375,-3.2431640625,-0.400390625,
0.8285,2.8828125,-3.4833984375,0.080078125,
0.829,2.482421875,-3.7236328125,0.7607421875,
0.8295,1.841796875,-3.8837890625,1.521484375,
0.83,1.0009765625,-3.8837890625,2.2822265625,
0.8305,0.5205078125,-3.603515625,2.5224609375,
0.831,0,-3.5634765625,2.8427734375,
0.8315,-0.6005859375,-3.203125,3.1630859375,
0.832,-1.201171875,-2.6025390625,3.123046875,
0.8325,-1.9619140625,-2.0419921875,3.283203125,
0.833,-2.6025390625,-1.2412109375,3.1630859375,
0.8335,-2.8427734375,-0.6806640625,2.8427734375,
0.834,-3.1630859375,-0.16015625,2.6826171875,
0.8345,-3.4833984375,0.3603515625,2.482421875,
0.835,-3.5234375,1.12109375,1.76171875,
0.8355,-3.5634765625,1.8818359375,1.0810546875,
0.836,-3.36328125,2.3623046875,0.4404296875,
0.8365,-3.203125,2.802734375,-0.080078125,
0.837,-2.9228515625,3.0029296875,-0.560546875,
0.8375,-2.482421875,3.1630859375,-1.201171875,
0.838,-1.921875,3.3232421875,-1.921875,
0.8385,-1.1611328125,3.2431640625,-2.6025390625,
0.839,-0.6806640625,2.962890625,-2.802734375,
0.8395,-0.3603515625,2.8828125,-3.1630859375,
0.84,0.2802734375,2.72265625,-3.4833984375,
0.8405,1.0009765625,2.08203125,-3.4833984375,
0.841,1.7216796875,1.521484375,-3.603515625,
0.8415,2.2822265625,0.80078125,-3.443359375,
0.842,2.6025390625,0.2802734375,-3.2431640625,
0.8425,2.8427734375,-0.2001953125,-3.0830078125,
0.843,3.1630859375,-0.7607421875,-2.802734375,
0.8435,3.283203125,-1.5615234375,-2.2021484375,
0.844,3.2431640625,-2.2421875,-1.4814453125,
0.8445,3.04296875,-2.6025390625,-0.9609375,
0.845,3.04296875,-3.0830078125,-0.4404296875,
0.8455,2.6826171875,-3.283203125,0.1201171875,
0.846,2.162109375,-3.4033203125,0.7607421875,
0.8465,1.6015625,-3.68359375,1.44140625,
0.847,0.9609375,-3.5634765625,2.0419921875,
0.8475,0.4404296875,-3.4833984375,2.2021484375,
0.848,0.0400390625,-3.2431640625,2.5625,
0.8485,-0.5205078125,-3.0029296875,2.8427734375,
0.849,-1.2412109375,-2.322265625,2.9228515625,
0.8495,-1.8818359375,-1.76171875,3.0029296875,
0.85,-2.322265625,-1.1611328125,2.802734375,
0.8505,-2.72265625,-0.640625,2.72265625,
0.851,-2.9228515625,-0.2001953125,2.482421875,
0.8515,-3.203125,0.400390625,2.2021484375,
0.852,-3.3232421875,1.201171875,1.5615234375,
0.8525,-3.203125,1.76171875,0.9208984375,
0.853,-3.04296875,2.0419921875,0.4404296875,
0.8535,-3.0830078125,2.5625,-0.080078125,
0.854,-2.72265625,2.8427734375,-0.640625,
0.8545,-2.1220703125,2.8828125,-1.28125,
0.855,-1.6416015625,3.0830078125,-1.921875,
0.8555,-1.0810546875,2.8828125,-2.482421875,
0.856,-0.6806640625,2.8828125,-2.642578125,
0.8565,-0.16015625,2.72265625,-2.9228515625,
0.857,0.4404296875,2.482421875,-3.2431640625,
0.8575,1.1611328125,1.841796875,-3.36328125,
0.858,1.7216796875,1.2412109375,-3.283203125,
0.8585,2.08203125,0.720703125,-3.1630859375,
0.859,2.5625,0.240234375,-3.1630859375,
0.8595,2.7626953125,-0.3203125,-2.8828125,
0.86,2.962890625,-0.9208984375,-2.482421875,
0.8605,3.123046875,-1.6015625,-1.9619140625,
0.861,3.0029296875,-2.2021484375,-1.28125,
0.8615,2.8427734375,-2.5224609375,-0.8408203125,
0.862,2.7626953125,-2.9228515625,-0.3603515625,
0.8625,2.40234375,-3.2431640625,0.2802734375,
0.863,1.841796875,-3.36328125,0.9609375,
0.8635,1.3212890625,-3.4833984375,1.44140625,
0.864,0.880859375,-3.3232421875,1.921875,
0.8645,0.4404296875,-3.283203125,2.2822265625,
0.865,-0.080078125,-2.962890625,2.482421875,
0.8655,-0.6806640625,-2.6826171875,2.72265625,
0.866,-1.44140625,-2.08203125,2.8828125,
0.8665,-1.9619140625,-1.4814453125,2.7626953125,
0.867,-2.2822265625,-1.0009765625,2.6025390625,
0.8675,-2.7626953125,-0.5205078125,2.6025390625,
0.868,-2.962890625,0.080078125,2.2822265625,
0.8685,-3.123046875,0.7607421875,1.8017578125,
0.869,-3.203125,1.361328125,1.28125,
0.8695,-3.123046875,1.921875,0.640625,
0.87,-3.04296875,2.2822265625,0.240234375,
0.8705,-2.802734375,2.5224609375,-0.3203125,
0.871,-2.4423828125,2.8427734375,-1.0009765625,
0.8715,-1.8017578125,2.9228515625,-1.8017578125,
0.872,-1.3212890625,2.962890625,-2.162109375,
0.8725,-0.80078125,2.8828125,-2.5224609375,
0.873,-0.3603515625,2.8828125,-2.9228515625,
0.8735,0.2802734375,2.482421875,-3.0830078125,
0.874,0.9208984375,2.001953125,-3.3232421875,
0.8745,1.6416015625,1.4013671875,-3.4033203125,
0.875,2.08203125,0.80078125,-3.203125,
0.8755,2.40234375,0.3203125,-3.0830078125,
0.876,2.802734375,-0.16015625,-3.0029296875,
0.8765,3.04296875,-0.8408203125,-2.6025390625,
0.877,3.123046875,-1.6015625,-1.9619140625,
0.8775,3.04296875,-2.08203125,-1.4013671875,
0.878,2.962890625,-2.5625,-0.8408203125,
0.8785,2.8427734375,-3.0830078125,-0.3603515625,
0.879,2.40234375,-3.203125,0.240234375,
0.8795,1.9619140625,-3.5634765625,0.9208984375,
0.88,1.28125,-3.5634765625,1.7216796875,
0.8805,0.8408203125,-3.4033203125,1.9619140625,
0.881,0.3603515625,-3.2431640625,2.2421875,
0.8815,-0.080078125,-3.203125,2.6826171875,
0.882,-0.80078125,-2.642578125,2.8427734375,
0.8825,-1.4814453125,-2.08203125,2.8828125,
0.883,-2.0419921875,-1.521484375,2.8828125,
0.8835,-2.4423828125,-0.9609375,2.72265625,
0.884,-2.7626953125,-0.5205078125,2.6025390625,
0.8845,-3.04296875,0.080078125,2.3623046875,
0.885,-3.283203125,0.7607421875,1.921875,
0.8855,-3.283203125,1.5615234375,1.201171875,
0.886,-3.1630859375,1.921875,0.6806640625,
0.8865,-3.04296875,2.322265625,0.1201171875,
0.887,-2.962890625,2.6826171875,-0.3203125,
0.8875,-2.4423828125,2.802734375,-1.0009765625,
0.888,-1.9619140625,3.0830078125,-1.6015625,
0.8885,-1.3212890625,3.123046875,-2.2822265625,
0.889,-0.8408203125,2.962890625,-2.5625,
0.8895,-0.400390625,2.8427734375,-2.8427734375,
0.89,0.1201171875,2.6826171875,-3.1630859375,
0.8905,0.8408203125,2.2021484375,-3.36328125,
0.891,1.5615234375,1.44140625,-3.36328125,
0.8915,1.9619140625,0.9609375,-3.283203125,
0.892,2.40234375,0.400390625,-3.203125,
0.8925,2.72265625,-0.0400390625,-3.0830078125,
0.893,2.8828125,-0.640625,-2.642578125,
0.8935,3.1630859375,-1.3212890625,-2.2822265625,
0.894,3.1630859375,-2.1220703125,-1.521484375,
0.8945,3.0029296875,-2.4423828125,-1.041015625,
0.895,2.8828125,-2.8427734375,-0.560546875,
0.8955,2.6826171875,-3.2431640625,-0.0400390625,
0.896,2.162109375,-3.283203125,0.640625,
0.8965,1.5615234375,-3.4833984375,1.3212890625,
0.897,1.041015625,-3.4833984375,1.841796875,
0.8975,0.6005859375,-3.3232421875,2.162109375,
0.898,0.16015625,-3.203125,2.40234375,
0.8985,-0.400390625,-2.9228515625,2.6826171875,
0.899,-1.12109375,-2.4423828125,2.9228515625,
0.8995,-1.841796875,-1.7216796875,2.8828125,
0.9,-2.1220703125,-1.28125,2.72265625,
0.9005,-2.5625,-0.720703125,2.642578125,
0.901,-2.9228515625,-0.2802734375,2.5625,
0.9015,-3.0830078125,0.3603515625,2.08203125,
0.902,-3.2431640625,1.041015625,1.6416015625,
0.9025,-3.203125,1.681640625,0.9609375,
0.903,-3.0830078125,2.0419921875,0.48046875,
0.9035,-3.0029296875,2.40234375,0,
0.904,-2.7626953125,2.802734375,-0.560546875,
0.9045,-2.2021484375,2.9228515625,-1.2412109375,
0.905,-1.6015625,3.04296875,-1.921875,
0.9055,-1.12109375,2.9228515625,-2.2822265625,
0.906,-0.6806640625,2.9228515625,-2.6826171875,
0.9065,-0.2001953125,2.72265625,-2.9228515625,
0.907,0.4404296875,2.3623046875,-3.1630859375,
0.9075,1.12109375,1.921875,-3.4033203125,
0.908,1.841796875,1.1611328125,-3.36328125,
0.9085,2.08203125,0.6806640625,-3.1630859375,
0.909,2.5224609375,0.2001953125,-3.0830078125,
0.9095,2.8828125,-0.3203125,-2.962890625,
0.91,2.962890625,-1.0009765625,-2.40234375,
0.9105,3.123046875,-1.7216796875,-1.8818359375,
0.911,3.04296875,-2.2822265625,-1.2412109375,
0.9115,2.9228515625,-2.72265625,-0.80078125,
0.912,2.72265625,-2.962890625,-0.2802734375,
0.9125,2.40234375,-3.2431640625,0.3203125,
0.913,1.8818359375,-3.4833984375,1.0810546875,
0.9135,1.2412109375,-3.4833984375,1.681640625,
0.914,0.80078125,-3.3232421875,1.9619140625,
0.9145,0.3603515625,-3.3232421875,2.40234375,
0.915,-0.16015625,-3.0830078125,2.642578125,
0.9155,-0.80078125,-2.5625,2.72265625,
0.916,-1.5615234375,-2.08203125,2.9228515625,
0.9165,-2.162109375,-1.361328125,2.8427734375,
0.917,-2.4423828125,-0.9208984375,2.6826171875,
0.9175,-2.802734375,-0.400390625,2.5625,
0.918,-3.123046875,0.1201171875,2.3623046875,
0.9185,-3.2431640625,0.880859375,1.76171875,
0.919,-3.2431640625,1.521484375,1.1611328125,
0.9195,-3.1630859375,1.921875,0.560546875,
0.92,-3.123046875,2.4423828125,0.1201171875,
0.9205,-2.8427734375,2.6826171875,-0.400390625,
0.921,-2.40234375,2.8828125,-1.041015625,
0.9215,-1.841796875,3.1630859375,-1.8017578125,
0.922,-1.2412109375,3.04296875,-2.322265625,
0.9225,-0.80078125,2.8828125,-2.5625,
0.923,-0.3203125,2.8828125,-2.962890625,
0.9235,0.2802734375,2.5625,-3.2431640625,
0.924,1.0009765625,1.921875,-3.3232421875,
0.9245,1.6416015625,1.4013671875,-3.4033203125,
0.925,2.162109375,0.7607421875,-3.283203125,
0.9255,2.5224609375,0.2802734375,-3.203125,
0.926,2.802734375,-0.2001953125,-2.962890625,
0.9265,3.0830078125,-0.8408203125,-2.642578125,
0.927,3.203125,-1.7216796875,-2.001953125,
0.9275,3.0830078125,-2.2822265625,-1.44140625,
0.928,2.962890625,-2.5625,-0.8408203125,
0.9285,2.962890625,-3.0830078125,-0.400390625,
0.929,2.5224609375,-3.2431640625,0.240234375,
0.9295,1.9619140625,-3.4033203125,0.9208984375,
0.93,1.4013671875,-3.603515625,1.6015625,
0.9305,0.8408203125,-3.5234375,2.0419921875,
0.931,0.4404296875,-3.3232421875,2.2822265625,
0.9315,-0.0400390625,-3.1630859375,2.6025390625,
0.932,-0.7607421875,-2.8427734375,2.9228515625,
0.9325,-1.521484375,-2.08203125,2.962890625,
0.933,-2.0419921875,-1.5615234375,2.9228515625,
0.9335,-2.482421875,-0.9609375,2.802734375,
0.934,-2.8828125,-0.5205078125,2.72265625,
0.9345,-3.0830078125,0.0400390625,2.3623046875,
0.935,-3.283203125,0.6806640625,1.9619140625,
0.9355,-3.4833984375,1.5615234375,1.2412109375,
0.936,-3.2431640625,2.0419921875,0.6806640625,
0.9365,-3.0830078125,2.3623046875,0.16015625,
0.937,-3.04296875,2.802734375,-0.3203125,
0.9375,-2.5625,3.04296875,-1.0009765625,
0.938,-1.8818359375,3.123046875,-1.7216796875,
0.9385,-1.3212890625,3.1630859375,-2.2822265625,
0.939,-0.80078125,3.0830078125,-2.72265625,
0.9395,-0.3203125,2.9228515625,-2.962890625,
0.94,0.240234375,2.642578125,-3.203125,
0.9405,0.9208984375,2.2421875,-3.5634765625,
0.941,1.76171875,1.44140625,-3.5634765625,
0.9415,2.162109375,0.9208984375,-3.36328125,
0.942,2.5224609375,0.3203125,-3.203125,
0.9425,2.9228515625,-0.16015625,-3.203125,
0.943,3.123046875,-0.880859375,-2.6826171875,
0.9435,3.203125,-1.6015625,-2.2021484375,
0.944,3.3232421875,-2.2822265625,-1.44140625,
0.9445,3.123046875,-2.72265625,-0.9208984375,
0.945,2.8828125,-3.0029296875,-0.400390625,
0.9455,2.72265625,-3.36328125,0.1201171875,
0.946,2.2021484375,-3.6435546875,0.9208984375,
0.9465,1.4013671875,-3.68359375,1.681640625,
0.947,0.9609375,-3.5634765625,2.08203125,
0.9475,0.4404296875,-3.4833984375,2.482421875,
0.948,-0.0400390625,-3.36328125,2.7626953125,
0.9485,-0.6806640625,-2.8828125,2.8828125,
0.949,-1.4013671875,-2.40234375,3.1630859375,
0.9495,-2.2822265625,-1.6015625,3.1630859375,
0.95,-2.5224609375,-1.041015625,2.8828125,
0.9505,-2.8427734375,-0.5205078125,2.72265625,
0.951,-3.283203125,0,2.6025390625,
0.9515,-3.443359375,0.720703125,2.001953125,
0.952,-3.5234375,1.4814453125,1.4013671875,
0.9525,-3.443359375,2.162109375,0.7607421875,
0.953,-3.2431640625,2.5224609375,0.16015625,
0.9535,-3.0830078125,2.8427734375,-0.3203125,
0.954,-2.72265625,3.123046875,-0.9208984375,
0.9545,-2.162109375,3.36328125,-1.681640625,
0.955,-1.3212890625,3.36328125,-2.482421875,
0.9555,-0.880859375,3.1630859375,-2.72265625,
0.956,-0.3603515625,3.04296875,-3.0830078125,
0.9565,0.1201171875,2.8828125,-3.4033203125,
0.957,0.880859375,2.2421875,-3.5234375,
0.9575,1.6015625,1.76171875,-3.7236328125,
0.958,2.40234375,0.9609375,-3.6435546875,
0.9585,2.6025390625,0.3203125,-3.36328125,
0.959,2.8828125,-0.16015625,-3.203125,
0.9595,3.203125,-0.720703125,-2.962890625,
0.96,3.443359375,-1.521484375,-2.322265625,
0.9605,3.4033203125,-2.2822265625,-1.6015625,
0.961,3.2431640625,-2.72265625,-1.0009765625,
0.9615,3.123046875,-3.123046875,-0.48046875,
0.962,2.8427734375,-3.443359375,0.080078125,
0.9625,2.2822265625,-3.603515625,0.7607421875,
0.963,1.76171875,-3.84375,1.5615234375,
0.9635,0.9609375,-3.8037109375,2.2822265625,
0.964,0.5205078125,-3.5634765625,2.40234375,
0.9645,0.0400390625,-3.4033203125,2.7626953125,
0.965,-0.5205078125,-3.203125,3.0830078125,
0.9655,-1.28125,-2.5224609375,3.123046875,
0.966,-2.001953125,-1.921875,3.203125,
0.9665,-2.642578125,-1.1611328125,3.1630859375,
0.967,-2.8828125,-0.640625,2.8427734375,
0.9675,-3.203125,-0.16015625,2.6025390625,
0.968,-3.4833984375,0.5205078125,2.3623046875,
0.9685,-3.6435546875,1.361328125,1.681640625,
0.969,-3.5634765625,2.08203125,0.880859375,
0.9695,-3.3232421875,2.482421875,0.3203125,
0.97,-3.2431640625,2.8828125,-0.16015625,
0.9705,-2.9228515625,3.1630859375,-0.720703125,
0.971,-2.2822265625,3.2431640625,-1.44140625,
0.9715,-1.7216796875,3.5234375,-2.2421875,
0.972,-0.9208984375,3.4033203125,-2.8828125,
0.9725,-0.5205078125,3.123046875,-3.0029296875,
0.973,0,2.962890625,-3.36328125,
0.9735,0.640625,2.642578125,-3.68359375,
0.974,1.4814453125,1.8818359375,-3.7236328125,
0.9745,2.162109375,1.2412109375,-3.7236328125,
0.975,2.6826171875,0.48046875,-3.5634765625,
0.9755,2.9228515625,0,-3.36328125,
0.976,3.1630859375,-0.560546875,-3.04296875,
0.9765,3.4833984375,-1.2412109375,-2.6025390625,
0.977,3.603515625,-2.162109375,-1.921875,
0.9775,3.4833984375,-2.7626953125,-1.1611328125,
0.978,3.1630859375,-3.0830078125,-0.560546875,
0.9785,3.123046875,-3.5634765625,-0.0400390625,
0.979,2.6025390625,-3.763671875,0.640625,
0.9795,1.8818359375,-3.84375,1.44140625,
0.98,1.28125,-3.9638671875,2.162109375,
0.9805,0.560546875,-3.84375,2.6826171875,
0.981,0.1201171875,-3.5634765625,2.8427734375,
0.9815,-0.48046875,-3.283203125,3.123046875,
0.982,-1.2412109375,-2.8427734375,3.4033203125,
0.9825,-2.1220703125,-2.001953125,3.443359375,
0.983,-2.642578125,-1.361328125,3.283203125,
0.9835,-3.123046875,-0.6806640625,3.0029296875,
0.984,-3.4033203125,-0.16015625,2.8828125,
0.9845,-3.5634765625,0.560546875,2.4423828125,
0.985,-3.8037109375,1.3212890625,1.8818359375,
0.9855,-3.8837890625,2.2421875,1.041015625,
0.986,-3.603515625,2.72265625,0.3203125,
0.9865,-3.2431640625,2.962890625,-0.240234375,
0.987,-3.1630859375,3.443359375,-0.80078125,
0.9875,-2.5224609375,3.6435546875,-1.6015625,
0.988,-1.681640625,3.68359375,-2.4423828125,
0.9885,-1.041015625,3.6435546875,-3.04296875,
0.989,-0.400390625,3.4833984375,-3.443359375,
0.9895,0.080078125,3.1630859375,-3.603515625,
0.99,0.6806640625,2.7626953125,-3.84375,
0.9905,1.5615234375,2.162109375,-4.083984375,
0.991,2.5224609375,1.1611328125,-4.0439453125,
0.9915,2.8427734375,0.48046875,-3.8037109375,
0.992,3.2431640625,-0.1201171875,-3.5234375,
0.9925,3.603515625,-0.640625,-3.3232421875,
0.993,3.68359375,-1.44140625,-2.6025390625,
0.9935,3.84375,-2.2421875,-2.0419921875,
0.994,3.8037109375,-3.1630859375,-1.1611328125,
0.9945,3.443359375,-3.4833984375,-0.48046875,
0.995,3.123046875,-3.7236328125,0.080078125,
0.9955,2.8427734375,-4.0439453125,0.6806640625,
0.996,2.0419921875,-4.2041015625,1.6015625,
0.9965,1.12109375,-4.2041015625,2.482421875,
0.997,0.560546875,-4.00390625,2.8828125,
0.9975,0,-3.84375,3.203125,
0.998,-0.560546875,-3.4833984375,3.36328125,
0.9985,-1.28125,-2.962890625,3.4833984375,
0.999,-2.08203125,-2.3623046875,3.6435546875,
0.9995,-3.04296875,-1.3212890625,3.5234375,