Date,2020-11-03 19:45:02
Filename,STFCB-20201012-0105-0160_20201103_194404_002.dat
Data Label,정상
Label No,00
Motor Spec,L-EF-04,1760,2.2,4.7,
Period,1SEC
Sample Rate,2000
RMS,3.30568,3.42631,3.12975,
Data Length,2000,
0,3.173095703125,-5.475341796875,1.731689453125,
0.0005,4.013916015625,-5.475341796875,0.890869140625,
0.001,4.494384765625,-5.074951171875,0.010009765625,
0.0015,4.894775390625,-4.834716796875,-0.630615234375,
0.002,4.774658203125,-3.873779296875,-1.471435546875,
0.0025,4.774658203125,-3.193115234375,-2.112060546875,
0.003,5.054931640625,-2.112060546875,-3.393310546875,
0.0035,4.614501953125,-1.111083984375,-3.953857421875,
0.004,4.414306640625,-0.150146484375,-4.674560546875,
0.0045,3.453369140625,0.930908203125,-4.794677734375,
0.005,2.772705078125,1.731689453125,-4.834716796875,
0.0055,1.771728515625,2.772705078125,-4.874755859375,
0.006,0.890869140625,3.893798828125,-5.114990234375,
0.0065,-0.190185546875,4.294189453125,-4.514404296875,
0.007,-0.790771484375,4.854736328125,-4.434326171875,
0.0075,-1.951904296875,4.854736328125,-3.193115234375,
0.008,-2.632568359375,4.974853515625,-2.632568359375,
0.0085,-4.114013671875,5.094970703125,-1.391357421875,
0.009,-4.794677734375,4.974853515625,-0.590576171875,
0.0095,-5.195068359375,4.534423828125,0.290283203125,
0.01,-5.435302734375,4.013916015625,0.970947265625,
0.0105,-5.275146484375,3.052978515625,1.851806640625,
0.011,-5.235107421875,2.252197265625,2.532470703125,
0.0115,-5.515380859375,1.251220703125,3.813720703125,
0.012,-4.874755859375,0.130126953125,4.214111328125,
0.0125,-4.674560546875,-0.710693359375,4.854736328125,
0.013,-3.593505859375,-1.791748046875,4.814697265625,
0.0135,-2.952880859375,-2.512451171875,4.854736328125,
0.014,-1.911865234375,-3.633544921875,4.894775390625,
0.0145,-0.990966796875,-4.674560546875,4.934814453125,
0.015,0.010009765625,-4.994873046875,4.294189453125,
0.0155,0.690673828125,-5.435302734375,4.134033203125,
0.016,1.851806640625,-5.395263671875,2.892822265625,
0.0165,2.532470703125,-5.435302734375,2.332275390625,
0.017,3.893798828125,-5.675537109375,1.171142578125,
0.0175,4.414306640625,-5.275146484375,0.330322265625,
0.018,4.814697265625,-4.994873046875,-0.390380859375,
0.0185,4.854736328125,-4.274169921875,-1.151123046875,
0.019,4.814697265625,-3.473388671875,-1.951904296875,
0.0195,4.774658203125,-2.592529296875,-2.712646484375,
0.02,5.054931640625,-1.671630859375,-3.873779296875,
0.0205,4.254150390625,-0.510498046875,-4.234130859375,
0.021,4.134033203125,0.290283203125,-4.834716796875,
0.0215,2.892822265625,1.411376953125,-4.674560546875,
0.022,2.412353515625,2.052001953125,-4.874755859375,
0.0225,1.331298828125,3.253173828125,-4.994873046875,
0.023,0.450439453125,4.093994140625,-4.874755859375,
0.0235,-0.470458984375,4.454345703125,-4.314208984375,
0.024,-1.231201171875,4.814697265625,-3.873779296875,
0.0245,-2.392333984375,4.814697265625,-2.712646484375,
0.025,-3.072998046875,4.854736328125,-2.112060546875,
0.0255,-4.434326171875,5.094970703125,-1.071044921875,
0.026,-4.754638671875,4.534423828125,-0.230224609375,
0.0265,-5.155029296875,4.334228515625,0.370361328125,
0.027,-5.074951171875,3.373291015625,1.291259765625,
0.0275,-5.114990234375,2.692626953125,1.931884765625,
0.028,-5.034912109375,1.771728515625,2.852783203125,
0.0285,-5.235107421875,0.970947265625,3.853759765625,
0.029,-4.394287109375,-0.270263671875,4.134033203125,
0.0295,-4.274169921875,-0.910888671875,4.614501953125,
0.03,-3.032958984375,-2.072021484375,4.454345703125,
0.0305,-2.592529296875,-2.672607421875,4.614501953125,
0.031,-1.591552734375,-3.833740234375,4.734619140625,
0.0315,-0.630615234375,-4.434326171875,4.414306640625,
0.032,0.050048828125,-4.754638671875,4.053955078125,
0.0325,0.930908203125,-4.994873046875,3.413330078125,
0.033,1.931884765625,-5.074951171875,2.532470703125,
0.0335,2.692626953125,-5.114990234375,1.851806640625,
0.034,3.733642578125,-5.395263671875,1.010986328125,
0.0345,3.973876953125,-4.754638671875,0.210205078125,
0.035,4.334228515625,-4.674560546875,-0.230224609375,
0.0355,4.214111328125,-3.593505859375,-1.151123046875,
0.036,4.374267578125,-3.193115234375,-1.751708984375,
0.0365,4.454345703125,-2.192138671875,-2.712646484375,
0.037,4.454345703125,-1.431396484375,-3.473388671875,
0.0375,3.733642578125,-0.350341796875,-3.833740234375,
0.038,3.493408203125,0.250244140625,-4.194091796875,
0.0385,2.452392578125,1.291259765625,-4.194091796875,
0.039,2.092041015625,1.931884765625,-4.594482421875,
0.0395,1.171142578125,3.133056640625,-4.634521484375,
0.04,0.330322265625,3.533447265625,-4.154052734375,
0.0405,-0.310302734375,4.013916015625,-4.033935546875,
0.041,-1.271240234375,4.134033203125,-3.193115234375,
0.0415,-2.072021484375,4.334228515625,-2.552490234375,
0.042,-3.032958984375,4.414306640625,-1.791748046875,
0.0425,-3.873779296875,4.614501953125,-1.151123046875,
0.043,-4.114013671875,3.973876953125,-0.310302734375,
0.0435,-4.434326171875,3.893798828125,0.130126953125,
0.044,-4.354248046875,2.852783203125,1.051025390625,
0.0445,-4.554443359375,2.532470703125,1.611572265625,
0.045,-4.714599609375,1.571533203125,2.692626953125,
0.0455,-4.514404296875,0.810791015625,3.213134765625,
0.046,-4.114013671875,-0.150146484375,3.693603515625,
0.0465,-3.593505859375,-0.790771484375,3.853759765625,
0.047,-2.872802734375,-1.791748046875,4.053955078125,
0.0475,-2.312255859375,-2.472412109375,4.214111328125,
0.048,-1.551513671875,-3.473388671875,4.414306640625,
0.0485,-0.710693359375,-3.793701171875,3.893798828125,
0.049,-0.150146484375,-4.274169921875,3.853759765625,
0.0495,0.890869140625,-4.354248046875,2.812744140625,
0.05,1.611572265625,-4.674560546875,2.452392578125,
0.0505,2.572509765625,-4.794677734375,1.571533203125,
0.051,3.173095703125,-4.834716796875,1.051025390625,
0.0515,3.453369140625,-4.354248046875,0.370361328125,
0.052,3.653564453125,-4.154052734375,0.010009765625,
0.0525,3.733642578125,-3.273193359375,-0.990966796875,
0.053,3.853759765625,-2.872802734375,-1.591552734375,
0.0535,4.134033203125,-2.072021484375,-2.592529296875,
0.054,3.693603515625,-1.231201171875,-2.992919921875,
0.0545,3.493408203125,-0.510498046875,-3.513427734375,
0.055,2.732666015625,0.330322265625,-3.553466796875,
0.0555,2.412353515625,1.131103515625,-3.913818359375,
0.056,1.731689453125,1.931884765625,-4.073974609375,
0.0565,1.131103515625,2.732666015625,-4.194091796875,
0.057,0.330322265625,3.052978515625,-3.713623046875,
0.0575,-0.190185546875,3.453369140625,-3.633544921875,
0.058,-1.231201171875,3.573486328125,-2.672607421875,
0.0585,-1.951904296875,3.933837890625,-2.432373046875,
0.059,-2.872802734375,4.134033203125,-1.591552734375,
0.0595,-3.273193359375,3.973876953125,-1.071044921875,
0.06,-3.673583984375,3.773681640625,-0.510498046875,
0.0605,-3.713623046875,3.253173828125,0.010009765625,
0.061,-3.993896484375,2.812744140625,0.810791015625,
0.0615,-4.154052734375,2.172119140625,1.571533203125,
0.062,-4.514404296875,1.571533203125,2.452392578125,
0.0625,-3.913818359375,0.570556640625,2.812744140625,
0.063,-3.913818359375,0.010009765625,3.333251953125,
0.0635,-3.072998046875,-0.870849609375,3.373291015625,
0.064,-2.872802734375,-1.591552734375,3.853759765625,
0.0645,-2.072021484375,-2.512451171875,3.973876953125,
0.065,-1.471435546875,-3.153076171875,3.973876953125,
0.0655,-0.790771484375,-3.473388671875,3.653564453125,
0.066,-0.110107421875,-3.833740234375,3.333251953125,
0.0665,0.890869140625,-4.033935546875,2.612548828125,
0.067,1.611572265625,-4.394287109375,2.172119140625,
0.0675,2.492431640625,-4.634521484375,1.531494140625,
0.068,2.772705078125,-4.274169921875,0.970947265625,
0.0685,3.173095703125,-4.234130859375,0.530517578125,
0.069,3.173095703125,-3.553466796875,-0.190185546875,
0.0695,3.533447265625,-3.193115234375,-0.870849609375,
0.07,3.653564453125,-2.512451171875,-1.711669921875,
0.0705,3.853759765625,-1.951904296875,-2.432373046875,
0.071,3.213134765625,-0.990966796875,-2.752685546875,
0.0715,3.173095703125,-0.470458984375,-3.193115234375,
0.072,2.412353515625,0.490478515625,-3.353271484375,
0.0725,2.252197265625,1.171142578125,-3.793701171875,
0.073,1.491455078125,2.092041015625,-3.953857421875,
0.0735,0.930908203125,2.532470703125,-3.793701171875,
0.074,0.290283203125,2.932861328125,-3.593505859375,
0.0745,-0.510498046875,3.173095703125,-2.992919921875,
0.075,-1.351318359375,3.533447265625,-2.552490234375,
0.0755,-2.192138671875,3.773681640625,-1.951904296875,
0.076,-2.832763671875,3.973876953125,-1.511474609375,
0.0765,-3.113037109375,3.573486328125,-0.870849609375,
0.077,-3.473388671875,3.573486328125,-0.510498046875,
0.0775,-3.553466796875,2.812744140625,0.330322265625,
0.078,-3.993896484375,2.532470703125,0.970947265625,
0.0785,-4.154052734375,1.771728515625,1.931884765625,
0.079,-4.073974609375,1.131103515625,2.412353515625,
0.0795,-3.713623046875,0.290283203125,2.932861328125,
0.08,-3.393310546875,-0.310302734375,3.173095703125,
0.0805,-2.872802734375,-1.231201171875,3.533447265625,
0.081,-2.432373046875,-1.951904296875,3.853759765625,
0.0815,-1.751708984375,-2.872802734375,3.973876953125,
0.082,-1.031005859375,-3.193115234375,3.653564453125,
0.0825,-0.470458984375,-3.673583984375,3.533447265625,
0.083,0.570556640625,-3.833740234375,2.692626953125,
0.0835,1.371337890625,-4.314208984375,2.332275390625,
0.084,2.172119140625,-4.434326171875,1.611572265625,
0.0845,2.732666015625,-4.514404296875,1.211181640625,
0.085,2.932861328125,-4.033935546875,0.570556640625,
0.0855,3.173095703125,-3.833740234375,0.130126953125,
0.086,3.373291015625,-3.193115234375,-0.790771484375,
0.0865,3.613525390625,-2.712646484375,-1.471435546875,
0.087,3.853759765625,-1.991943359375,-2.432373046875,
0.0875,3.373291015625,-1.111083984375,-2.752685546875,
0.088,3.133056640625,-0.390380859375,-3.193115234375,
0.0885,2.532470703125,0.370361328125,-3.273193359375,
0.089,2.172119140625,1.211181640625,-3.753662109375,
0.0895,1.531494140625,1.931884765625,-3.833740234375,
0.09,0.970947265625,2.612548828125,-3.953857421875,
0.0905,0.250244140625,2.852783203125,-3.473388671875,
0.091,-0.390380859375,3.293212890625,-3.233154296875,
0.0915,-1.431396484375,3.493408203125,-2.392333984375,
0.092,-2.232177734375,3.853759765625,-1.991943359375,
0.0925,-2.992919921875,3.893798828125,-1.311279296875,
0.093,-3.353271484375,3.733642578125,-0.830810546875,
0.0935,-3.553466796875,3.453369140625,-0.270263671875,
0.094,-3.673583984375,2.892822265625,0.290283203125,
0.0945,-3.993896484375,2.412353515625,1.131103515625,
0.095,-4.073974609375,1.771728515625,1.811767578125,
0.0955,-4.274169921875,1.131103515625,2.692626953125,
0.096,-3.633544921875,0.210205078125,2.932861328125,
0.0965,-3.553466796875,-0.350341796875,3.373291015625,
0.097,-2.712646484375,-1.311279296875,3.493408203125,
0.0975,-2.392333984375,-2.072021484375,3.893798828125,
0.098,-1.631591796875,-2.872802734375,3.893798828125,
0.0985,-1.071044921875,-3.473388671875,3.893798828125,
0.099,-0.310302734375,-3.713623046875,3.373291015625,
0.0995,0.450439453125,-4.033935546875,3.012939453125,
0.1,1.571533203125,-4.354248046875,2.252197265625,
0.1005,2.292236328125,-4.514404296875,1.651611328125,
0.101,3.052978515625,-4.634521484375,1.051025390625,
0.1015,3.213134765625,-4.234130859375,0.450439453125,
0.102,3.533447265625,-3.993896484375,-0.110107421875,
0.1025,3.573486328125,-3.233154296875,-0.950927734375,
0.103,3.973876953125,-2.752685546875,-1.791748046875,
0.1035,3.853759765625,-1.871826171875,-2.512451171875,
0.104,3.893798828125,-1.151123046875,-3.193115234375,
0.1045,3.052978515625,-0.150146484375,-3.353271484375,
0.105,2.852783203125,0.490478515625,-3.713623046875,
0.1055,1.931884765625,1.571533203125,-3.913818359375,
0.106,1.491455078125,2.292236328125,-4.154052734375,
0.1065,0.690673828125,3.012939453125,-4.033935546875,
0.107,0.050048828125,3.453369140625,-3.833740234375,
0.1075,-0.750732421875,3.613525390625,-3.233154296875,
0.108,-1.631591796875,3.853759765625,-2.592529296875,
0.1085,-2.792724609375,4.214111328125,-1.791748046875,
0.109,-3.353271484375,4.093994140625,-1.071044921875,
0.1095,-4.033935546875,4.134033203125,-0.510498046875,
0.11,-4.033935546875,3.453369140625,0.170166015625,
0.1105,-4.234130859375,3.093017578125,0.650634765625,
0.111,-4.314208984375,2.172119140625,1.611572265625,
0.1115,-4.554443359375,1.611572265625,2.452392578125,
0.112,-4.274169921875,0.650634765625,3.133056640625,
0.1125,-4.154052734375,0.010009765625,3.693603515625,
0.113,-3.313232421875,-0.950927734375,3.733642578125,
0.1135,-2.952880859375,-1.591552734375,3.973876953125,
0.114,-2.072021484375,-2.752685546875,4.174072265625,
0.1145,-1.351318359375,-3.393310546875,4.134033203125,
0.115,-0.670654296875,-4.114013671875,4.134033203125,
0.1155,0.090087890625,-4.314208984375,3.613525390625,
0.116,0.890869140625,-4.514404296875,3.093017578125,
0.1165,1.931884765625,-4.754638671875,2.212158203125,
0.117,3.052978515625,-5.074951171875,1.451416015625,
0.1175,3.533447265625,-4.754638671875,0.610595703125,
0.118,4.093994140625,-4.834716796875,0.130126953125,
0.1185,4.093994140625,-3.993896484375,-0.670654296875,
0.119,4.214111328125,-3.553466796875,-1.271240234375,
0.1195,4.334228515625,-2.512451171875,-2.352294921875,
0.12,4.454345703125,-1.791748046875,-3.153076171875,
0.1205,4.093994140625,-0.710693359375,-3.833740234375,
0.121,3.693603515625,0.130126953125,-4.194091796875,
0.1215,2.812744140625,1.010986328125,-4.194091796875,
0.122,2.212158203125,1.851806640625,-4.434326171875,
0.1225,1.331298828125,3.052978515625,-4.714599609375,
0.123,0.370361328125,3.613525390625,-4.354248046875,
0.1235,-0.270263671875,4.214111328125,-4.314208984375,
0.124,-1.271240234375,4.374267578125,-3.393310546875,
0.1245,-2.072021484375,4.494384765625,-2.792724609375,
0.125,-3.193115234375,4.614501953125,-1.791748046875,
0.1255,-4.234130859375,4.814697265625,-0.990966796875,
0.126,-4.554443359375,4.214111328125,-0.110107421875,
0.1265,-4.994873046875,4.134033203125,0.410400390625,
0.127,-4.874755859375,3.052978515625,1.331298828125,
0.1275,-4.914794921875,2.532470703125,1.931884765625,
0.128,-5.114990234375,1.531494140625,3.133056640625,
0.1285,-4.874755859375,0.610595703125,3.773681640625,
0.129,-4.474365234375,-0.390380859375,4.334228515625,
0.1295,-3.873779296875,-1.271240234375,4.534423828125,
0.13,-2.952880859375,-2.192138671875,4.534423828125,
0.1305,-2.272216796875,-2.992919921875,4.614501953125,
0.131,-1.271240234375,-4.194091796875,4.854736328125,
0.1315,-0.310302734375,-4.594482421875,4.214111328125,
0.132,0.290283203125,-5.155029296875,4.174072265625,
0.1325,1.491455078125,-5.195068359375,3.052978515625,
0.133,2.212158203125,-5.275146484375,2.492431640625,
0.1335,3.373291015625,-5.395263671875,1.411376953125,
0.134,4.214111328125,-5.435302734375,0.610595703125,
0.1345,4.494384765625,-4.874755859375,-0.230224609375,
0.135,4.814697265625,-4.634521484375,-0.830810546875,
0.1355,4.734619140625,-3.473388671875,-1.791748046875,
0.136,4.694580078125,-2.832763671875,-2.392333984375,
0.1365,4.974853515625,-1.791748046875,-3.673583984375,
0.137,4.454345703125,-0.710693359375,-4.154052734375,
0.1375,4.053955078125,0.250244140625,-4.674560546875,
0.138,3.173095703125,1.251220703125,-4.794677734375,
0.1385,2.292236328125,2.212158203125,-4.834716796875,
0.139,1.531494140625,3.052978515625,-4.874755859375,
0.1395,0.570556640625,4.174072265625,-5.074951171875,
0.14,-0.510498046875,4.494384765625,-4.274169921875,
0.1405,-1.111083984375,4.974853515625,-4.154052734375,
0.141,-2.472412109375,4.974853515625,-2.792724609375,
0.1415,-3.153076171875,4.974853515625,-2.192138671875,
0.142,-4.354248046875,5.054931640625,-1.111083984375,
0.1425,-5.034912109375,4.854736328125,-0.270263671875,
0.143,-5.195068359375,4.174072265625,0.570556640625,
0.1435,-5.435302734375,3.773681640625,1.251220703125,
0.144,-5.315185546875,2.572509765625,2.332275390625,
0.1445,-5.195068359375,1.931884765625,2.852783203125,
0.145,-5.435302734375,0.850830078125,4.134033203125,
0.1455,-4.674560546875,-0.310302734375,4.494384765625,
0.146,-4.354248046875,-1.151123046875,4.934814453125,
0.1465,-3.273193359375,-2.232177734375,4.854736328125,
0.147,-2.432373046875,-3.113037109375,4.974853515625,
0.1475,-1.551513671875,-3.993896484375,4.854736328125,
0.148,-0.590576171875,-4.994873046875,4.894775390625,
0.1485,0.410400390625,-5.155029296875,4.093994140625,
0.149,1.131103515625,-5.555419921875,3.853759765625,
0.1495,2.492431640625,-5.515380859375,2.412353515625,
0.15,3.133056640625,-5.595458984375,1.771728515625,
0.1505,4.214111328125,-5.635498046875,0.770751953125,
0.151,4.734619140625,-5.275146484375,-0.110107421875,
0.1515,4.894775390625,-4.634521484375,-0.790771484375,
0.152,4.974853515625,-3.993896484375,-1.551513671875,
0.1525,4.974853515625,-2.912841796875,-2.552490234375,
0.153,4.774658203125,-2.112060546875,-3.153076171875,
0.1535,4.974853515625,-1.151123046875,-4.314208984375,
0.154,3.973876953125,0.050048828125,-4.474365234375,
0.1545,3.733642578125,0.770751953125,-4.874755859375,
0.155,2.492431640625,1.971923828125,-4.834716796875,
0.1555,1.891845703125,2.812744140625,-4.994873046875,
0.156,0.890869140625,3.693603515625,-4.834716796875,
0.1565,-0.070068359375,4.534423828125,-4.754638671875,
0.157,-0.990966796875,4.614501953125,-3.953857421875,
0.1575,-1.751708984375,4.974853515625,-3.593505859375,
0.158,-3.072998046875,4.974853515625,-2.272216796875,
0.1585,-3.713623046875,4.934814453125,-1.631591796875,
0.159,-4.754638671875,4.974853515625,-0.670654296875,
0.1595,-4.994873046875,4.494384765625,0.250244140625,
0.16,-5.235107421875,3.973876953125,0.850830078125,
0.1605,-5.195068359375,3.093017578125,1.691650390625,
0.161,-5.275146484375,2.252197265625,2.612548828125,
0.1615,-5.074951171875,1.331298828125,3.253173828125,
0.162,-5.235107421875,0.450439453125,4.294189453125,
0.1625,-4.194091796875,-0.750732421875,4.414306640625,
0.163,-3.993896484375,-1.351318359375,4.774658203125,
0.1635,-2.632568359375,-2.632568359375,4.654541015625,
0.164,-2.112060546875,-3.353271484375,4.814697265625,
0.1645,-1.071044921875,-4.234130859375,4.694580078125,
0.165,-0.190185546875,-4.834716796875,4.454345703125,
0.1655,0.610595703125,-4.994873046875,3.773681640625,
0.166,1.411376953125,-5.275146484375,3.173095703125,
0.1665,2.652587890625,-5.395263671875,2.052001953125,
0.167,3.253173828125,-5.315185546875,1.371337890625,
0.1675,4.214111328125,-5.355224609375,0.570556640625,
0.168,4.334228515625,-4.634521484375,-0.270263671875,
0.1685,4.534423828125,-4.354248046875,-0.750732421875,
0.169,4.494384765625,-3.273193359375,-1.711669921875,
0.1695,4.654541015625,-2.712646484375,-2.472412109375,
0.17,4.454345703125,-1.711669921875,-3.233154296875,
0.1705,4.494384765625,-0.910888671875,-3.993896484375,
0.171,3.453369140625,0.290283203125,-4.114013671875,
0.1715,3.213134765625,0.810791015625,-4.474365234375,
0.172,2.011962890625,2.052001953125,-4.474365234375,
0.1725,1.611572265625,2.652587890625,-4.634521484375,
0.173,0.610595703125,3.573486328125,-4.554443359375,
0.1735,-0.150146484375,3.973876953125,-4.154052734375,
0.174,-0.910888671875,4.174072265625,-3.713623046875,
0.1745,-1.831787109375,4.334228515625,-2.872802734375,
0.175,-2.872802734375,4.534423828125,-2.112060546875,
0.1755,-3.553466796875,4.494384765625,-1.351318359375,
0.176,-4.314208984375,4.614501953125,-0.630615234375,
0.1765,-4.354248046875,3.853759765625,0.130126953125,
0.177,-4.634521484375,3.693603515625,0.570556640625,
0.1775,-4.554443359375,2.572509765625,1.571533203125,
0.178,-4.834716796875,2.172119140625,2.252197265625,
0.1785,-4.714599609375,1.131103515625,3.133056640625,
0.179,-4.514404296875,0.370361328125,3.693603515625,
0.1795,-3.793701171875,-0.630615234375,3.893798828125,
0.18,-3.393310546875,-1.271240234375,4.134033203125,
0.1805,-2.512451171875,-2.352294921875,4.294189453125,
0.181,-1.991943359375,-2.992919921875,4.334228515625,
0.1815,-1.111083984375,-3.873779296875,4.334228515625,
0.182,-0.310302734375,-4.154052734375,3.813720703125,
0.1825,0.330322265625,-4.554443359375,3.533447265625,
0.183,1.411376953125,-4.634521484375,2.572509765625,
0.1835,2.252197265625,-4.954833984375,2.052001953125,
0.184,2.932861328125,-4.834716796875,1.291259765625,
0.1845,3.573486328125,-4.874755859375,0.730712890625,
0.185,3.693603515625,-4.194091796875,0.010009765625,
0.1855,3.853759765625,-3.953857421875,-0.510498046875,
0.186,3.973876953125,-3.032958984375,-1.511474609375,
0.1865,4.134033203125,-2.552490234375,-2.112060546875,
0.187,4.134033203125,-1.591552734375,-3.072998046875,
0.1875,3.693603515625,-0.790771484375,-3.353271484375,
0.188,3.173095703125,0.090087890625,-3.713623046875,
0.1885,2.612548828125,0.810791015625,-3.833740234375,
0.189,2.052001953125,1.771728515625,-4.194091796875,
0.1895,1.331298828125,2.412353515625,-4.154052734375,
0.19,0.690673828125,3.173095703125,-4.234130859375,
0.1905,-0.150146484375,3.333251953125,-3.553466796875,
0.191,-0.710693359375,3.693603515625,-3.393310546875,
0.1915,-1.831787109375,3.853759765625,-2.392333984375,
0.192,-2.552490234375,4.174072265625,-1.991943359375,
0.1925,-3.273193359375,4.093994140625,-1.231201171875,
0.193,-3.673583984375,3.973876953125,-0.710693359375,
0.1935,-3.833740234375,3.493408203125,0.010009765625,
0.194,-3.953857421875,3.093017578125,0.450439453125,
0.1945,-4.234130859375,2.452392578125,1.371337890625,
0.195,-4.274169921875,1.891845703125,1.971923828125,
0.1955,-4.434326171875,1.131103515625,2.852783203125,
0.196,-3.793701171875,0.250244140625,3.093017578125,
0.1965,-3.633544921875,-0.390380859375,3.533447265625,
0.197,-2.872802734375,-1.311279296875,3.613525390625,
0.1975,-2.552490234375,-2.112060546875,4.093994140625,
0.198,-1.751708984375,-2.872802734375,3.933837890625,
0.1985,-1.231201171875,-3.513427734375,4.013916015625,
0.199,-0.390380859375,-3.713623046875,3.413330078125,
0.1995,0.290283203125,-4.073974609375,3.173095703125,
0.2,1.331298828125,-4.354248046875,2.372314453125,
0.2005,2.052001953125,-4.554443359375,1.931884765625,
0.201,2.772705078125,-4.634521484375,1.291259765625,
0.2015,3.012939453125,-4.314208984375,0.770751953125,
0.202,3.333251953125,-4.073974609375,0.170166015625,
0.2025,3.373291015625,-3.433349609375,-0.510498046875,
0.203,3.853759765625,-3.032958984375,-1.351318359375,
0.2035,3.773681640625,-2.232177734375,-2.031982421875,
0.204,3.893798828125,-1.591552734375,-2.792724609375,
0.2045,3.093017578125,-0.590576171875,-2.992919921875,
0.205,3.052978515625,0.010009765625,-3.473388671875,
0.2055,2.252197265625,0.970947265625,-3.633544921875,
0.206,1.971923828125,1.611572265625,-4.033935546875,
0.2065,1.171142578125,2.372314453125,-3.953857421875,
0.207,0.610595703125,2.772705078125,-3.833740234375,
0.2075,-0.150146484375,3.133056640625,-3.353271484375,
0.208,-0.910888671875,3.373291015625,-2.872802734375,
0.2085,-1.951904296875,3.813720703125,-2.272216796875,
0.209,-2.512451171875,3.813720703125,-1.711669921875,
0.2095,-3.193115234375,3.973876953125,-1.231201171875,
0.21,-3.273193359375,3.493408203125,-0.590576171875,
0.2105,-3.593505859375,3.333251953125,-0.150146484375,
0.211,-3.713623046875,2.612548828125,0.690673828125,
0.2115,-4.154052734375,2.292236328125,1.411376953125,
0.212,-4.033935546875,1.451416015625,2.172119140625,
0.2125,-4.033935546875,0.930908203125,2.692626953125,
0.213,-3.433349609375,0.010009765625,2.932861328125,
0.2135,-3.273193359375,-0.590576171875,3.333251953125,
0.214,-2.592529296875,-1.631591796875,3.653564453125,
0.2145,-2.192138671875,-2.272216796875,3.853759765625,
0.215,-1.551513671875,-3.072998046875,3.893798828125,
0.2155,-0.870849609375,-3.273193359375,3.533447265625,
0.216,-0.190185546875,-3.713623046875,3.293212890625,
0.2165,0.770751953125,-3.993896484375,2.612548828125,
0.217,1.651611328125,-4.474365234375,2.172119140625,
0.2175,2.292236328125,-4.394287109375,1.531494140625,
0.218,2.852783203125,-4.514404296875,1.131103515625,
0.2185,3.012939453125,-3.953857421875,0.410400390625,
0.219,3.253173828125,-3.793701171875,0.010009765625,
0.2195,3.533447265625,-3.032958984375,-1.031005859375,
0.22,3.813720703125,-2.592529296875,-1.711669921875,
0.2205,3.773681640625,-1.671630859375,-2.552490234375,
0.221,3.373291015625,-0.990966796875,-2.912841796875,
0.2215,2.932861328125,-0.150146484375,-3.233154296875,
0.222,2.492431640625,0.570556640625,-3.513427734375,
0.2225,1.971923828125,1.531494140625,-3.953857421875,
0.223,1.331298828125,2.092041015625,-3.873779296875,
0.2235,0.770751953125,2.812744140625,-3.993896484375,
0.224,0.010009765625,3.012939453125,-3.353271484375,
0.2245,-0.630615234375,3.413330078125,-3.072998046875,
0.225,-1.751708984375,3.653564453125,-2.272216796875,
0.2255,-2.552490234375,3.973876953125,-1.791748046875,
0.226,-3.072998046875,3.813720703125,-1.111083984375,
0.2265,-3.433349609375,3.733642578125,-0.670654296875,
0.227,-3.553466796875,3.173095703125,0.010009765625,
0.2275,-3.753662109375,2.812744140625,0.530517578125,
0.228,-4.114013671875,2.172119140625,1.531494140625,
0.2285,-4.114013671875,1.531494140625,2.092041015625,
0.229,-4.114013671875,0.810791015625,2.852783203125,
0.2295,-3.593505859375,-0.110107421875,3.052978515625,
0.23,-3.273193359375,-0.670654296875,3.373291015625,
0.2305,-2.632568359375,-1.591552734375,3.573486328125,
0.231,-2.152099609375,-2.392333984375,3.973876953125,
0.2315,-1.391357421875,-2.952880859375,3.733642578125,
0.232,-0.950927734375,-3.513427734375,3.853759765625,
0.2325,-0.070068359375,-3.673583984375,3.133056640625,
0.233,0.610595703125,-4.033935546875,2.812744140625,
0.2335,1.811767578125,-4.354248046875,2.011962890625,
0.234,2.412353515625,-4.514404296875,1.451416015625,
0.2345,3.012939453125,-4.514404296875,0.930908203125,
0.235,3.173095703125,-4.114013671875,0.370361328125,
0.2355,3.413330078125,-3.713623046875,-0.270263671875,
0.236,3.533447265625,-3.072998046875,-0.990966796875,
0.2365,4.013916015625,-2.552490234375,-1.951904296875,
0.237,3.693603515625,-1.671630859375,-2.552490234375,
0.2375,3.693603515625,-0.990966796875,-3.153076171875,
0.238,2.892822265625,-0.070068359375,-3.353271484375,
0.2385,2.692626953125,0.570556640625,-3.713623046875,
0.239,1.931884765625,1.651611328125,-3.993896484375,
0.2395,1.371337890625,2.452392578125,-4.154052734375,
0.24,0.610595703125,3.012939453125,-3.913818359375,
0.2405,0.010009765625,3.413330078125,-3.753662109375,
0.241,-0.950927734375,3.573486328125,-2.992919921875,
0.2415,-1.751708984375,3.893798828125,-2.512451171875,
0.242,-2.912841796875,4.254150390625,-1.671630859375,
0.2425,-3.433349609375,3.973876953125,-0.990966796875,
0.243,-3.953857421875,4.013916015625,-0.470458984375,
0.2435,-3.993896484375,3.333251953125,0.290283203125,
0.244,-4.194091796875,2.892822265625,0.890869140625,
0.2445,-4.314208984375,2.092041015625,1.771728515625,
0.245,-4.634521484375,1.491455078125,2.692626953125,
0.2455,-4.033935546875,0.490478515625,3.133056640625,
0.246,-4.033935546875,-0.230224609375,3.693603515625,
0.2465,-3.153076171875,-1.151123046875,3.693603515625,
0.247,-2.752685546875,-1.791748046875,3.973876953125,
0.2475,-1.871826171875,-2.912841796875,4.174072265625,
0.248,-1.151123046875,-3.593505859375,4.093994140625,
0.2485,-0.470458984375,-4.033935546875,3.893798828125,
0.249,0.370361328125,-4.354248046875,3.373291015625,
0.2495,1.251220703125,-4.474365234375,2.612548828125,
0.25,2.092041015625,-4.674560546875,1.971923828125,
0.2505,3.173095703125,-4.994873046875,1.251220703125,
0.251,3.493408203125,-4.514404296875,0.490478515625,
0.2515,3.973876953125,-4.514404296875,0.010009765625,
0.252,3.893798828125,-3.593505859375,-0.830810546875,
0.2525,4.093994140625,-3.193115234375,-1.431396484375,
0.253,4.214111328125,-2.272216796875,-2.472412109375,
0.2535,4.334228515625,-1.591552734375,-3.273193359375,
0.254,3.693603515625,-0.510498046875,-3.713623046875,
0.2545,3.453369140625,0.210205078125,-4.114013671875,
0.255,2.492431640625,1.291259765625,-4.114013671875,
0.2555,2.011962890625,1.971923828125,-4.354248046875,
0.256,1.131103515625,3.173095703125,-4.634521484375,
0.2565,0.250244140625,3.693603515625,-4.234130859375,
0.257,-0.390380859375,4.134033203125,-4.033935546875,
0.2575,-1.511474609375,4.334228515625,-3.193115234375,
0.258,-2.392333984375,4.454345703125,-2.432373046875,
0.2585,-3.353271484375,4.534423828125,-1.591552734375,
0.259,-4.314208984375,4.774658203125,-0.790771484375,
0.2595,-4.514404296875,4.093994140625,0.010009765625,
0.26,-4.874755859375,3.973876953125,0.530517578125,
0.2605,-4.834716796875,2.772705078125,1.571533203125,
0.261,-4.874755859375,2.292236328125,2.172119140625,
0.2615,-4.994873046875,1.211181640625,3.253173828125,
0.262,-4.754638671875,0.290283203125,3.933837890625,
0.2625,-4.114013671875,-0.710693359375,4.214111328125,
0.263,-3.593505859375,-1.471435546875,4.494384765625,
0.2635,-2.512451171875,-2.592529296875,4.494384765625,
0.264,-1.951904296875,-3.233154296875,4.574462890625,
0.2645,-0.990966796875,-4.394287109375,4.734619140625,
0.265,0.010009765625,-4.714599609375,4.093994140625,
0.2655,0.610595703125,-5.074951171875,3.853759765625,
0.266,1.891845703125,-5.195068359375,2.692626953125,
0.2665,2.692626953125,-5.275146484375,1.931884765625,
0.267,3.613525390625,-5.235107421875,1.010986328125,
0.2675,4.414306640625,-5.275146484375,0.290283203125,
0.268,4.494384765625,-4.514404296875,-0.510498046875,
0.2685,4.734619140625,-4.194091796875,-1.031005859375,
0.269,4.654541015625,-2.992919921875,-2.192138671875,
0.2695,4.614501953125,-2.432373046875,-2.712646484375,
0.27,4.734619140625,-1.431396484375,-3.833740234375,
0.2705,4.174072265625,-0.390380859375,-4.314208984375,
0.271,3.573486328125,0.610595703125,-4.554443359375,
0.2715,2.812744140625,1.571533203125,-4.674560546875,
0.272,1.811767578125,2.612548828125,-4.794677734375,
0.2725,1.131103515625,3.293212890625,-4.754638671875,
0.273,0.170166015625,4.374267578125,-4.834716796875,
0.2735,-0.790771484375,4.494384765625,-4.033935546875,
0.274,-1.471435546875,4.854736328125,-3.753662109375,
0.2745,-2.832763671875,4.934814453125,-2.432373046875,
0.275,-3.633544921875,5.014892578125,-1.711669921875,
0.2755,-4.514404296875,4.854736328125,-0.710693359375,
0.276,-5.195068359375,4.774658203125,0.050048828125,
0.2765,-5.195068359375,3.893798828125,0.930908203125,
0.277,-5.355224609375,3.453369140625,1.451416015625,
0.2775,-5.315185546875,2.212158203125,2.692626953125,
0.278,-5.195068359375,1.491455078125,3.213134765625,
0.2785,-5.275146484375,0.290283203125,4.214111328125,
0.279,-4.514404296875,-0.670654296875,4.614501953125,
0.2795,-3.873779296875,-1.551513671875,4.854736328125,
0.28,-2.952880859375,-2.552490234375,4.894775390625,
0.2805,-1.991943359375,-3.673583984375,5.014892578125,
0.281,-1.111083984375,-4.274169921875,4.734619140625,
0.2815,-0.190185546875,-5.195068359375,4.774658203125,
0.282,0.770751953125,-5.275146484375,3.853759765625,
0.2825,1.491455078125,-5.555419921875,3.453369140625,
0.283,2.932861328125,-5.595458984375,2.052001953125,
0.2835,3.693603515625,-5.635498046875,1.291259765625,
0.284,4.494384765625,-5.435302734375,0.330322265625,
0.2845,4.974853515625,-5.114990234375,-0.430419921875,
0.285,4.894775390625,-4.274169921875,-1.191162109375,
0.2855,4.934814453125,-3.673583984375,-1.911865234375,
0.286,5.054931640625,-2.512451171875,-3.072998046875,
0.2865,4.734619140625,-1.711669921875,-3.593505859375,
0.287,4.774658203125,-0.630615234375,-4.594482421875,
0.2875,3.773681640625,0.570556640625,-4.754638671875,
0.288,3.253173828125,1.291259765625,-4.914794921875,
0.2885,2.132080078125,2.412353515625,-4.914794921875,
0.289,1.371337890625,3.453369140625,-5.114990234375,
0.2895,0.330322265625,4.013916015625,-4.714599609375,
0.29,-0.510498046875,4.814697265625,-4.634521484375,
0.2905,-1.431396484375,4.774658203125,-3.633544921875,
0.291,-2.112060546875,4.974853515625,-3.193115234375,
0.2915,-3.553466796875,5.094970703125,-1.871826171875,
0.292,-4.274169921875,5.014892578125,-1.111083984375,
0.2925,-5.034912109375,4.814697265625,-0.150146484375,
0.293,-5.315185546875,4.334228515625,0.610595703125,
0.2935,-5.275146484375,3.533447265625,1.291259765625,
0.294,-5.275146484375,2.732666015625,2.052001953125,
0.2945,-5.435302734375,1.771728515625,3.173095703125,
0.295,-5.074951171875,0.890869140625,3.693603515625,
0.2955,-5.074951171875,-0.110107421875,4.614501953125,
0.296,-3.993896484375,-1.231201171875,4.614501953125,
0.2965,-3.553466796875,-1.871826171875,4.854736328125,
0.297,-2.392333984375,-3.072998046875,4.814697265625,
0.2975,-1.631591796875,-3.953857421875,4.974853515625,
0.298,-0.630615234375,-4.594482421875,4.534423828125,
0.2985,0.130126953125,-5.195068359375,4.414306640625,
0.299,1.091064453125,-5.155029296875,3.453369140625,
0.2995,1.851806640625,-5.395263671875,2.892822265625,
0.3,3.253173828125,-5.555419921875,1.731689453125,
0.3005,3.853759765625,-5.395263671875,0.930908203125,
0.301,4.534423828125,-5.235107421875,0.130126953125,
0.3015,4.654541015625,-4.594482421875,-0.630615234375,
0.302,4.694580078125,-3.993896484375,-1.271240234375,
0.3025,4.614501953125,-3.072998046875,-2.192138671875,
0.303,4.894775390625,-2.272216796875,-3.193115234375,
0.3035,4.414306640625,-1.231201171875,-3.713623046875,
0.304,4.374267578125,-0.350341796875,-4.474365234375,
0.3045,3.173095703125,0.770751953125,-4.394287109375,
0.305,2.892822265625,1.371337890625,-4.634521484375,
0.3055,1.771728515625,2.612548828125,-4.714599609375,
0.306,1.131103515625,3.333251953125,-4.794677734375,
0.3065,0.130126953125,3.973876953125,-4.394287109375,
0.307,-0.590576171875,4.374267578125,-4.114013671875,
0.3075,-1.431396484375,4.414306640625,-3.273193359375,
0.308,-2.272216796875,4.534423828125,-2.592529296875,
0.3085,-3.553466796875,4.814697265625,-1.631591796875,
0.309,-4.033935546875,4.494384765625,-0.830810546875,
0.3095,-4.714599609375,4.494384765625,-0.190185546875,
0.31,-4.674560546875,3.613525390625,0.570556640625,
0.3105,-4.834716796875,3.213134765625,1.131103515625,
0.311,-4.794677734375,2.252197265625,2.092041015625,
0.3115,-5.034912109375,1.651611328125,2.892822265625,
0.312,-4.554443359375,0.610595703125,3.533447265625,
0.3125,-4.474365234375,-0.150146484375,4.093994140625,
0.313,-3.473388671875,-1.151123046875,4.053955078125,
0.3135,-3.193115234375,-1.751708984375,4.334228515625,
0.314,-2.152099609375,-2.952880859375,4.494384765625,
0.3145,-1.511474609375,-3.553466796875,4.414306640625,
0.315,-0.630615234375,-4.234130859375,4.254150390625,
0.3155,0.090087890625,-4.474365234375,3.773681640625,
0.316,0.850830078125,-4.634521484375,3.173095703125,
0.3165,1.851806640625,-4.834716796875,2.412353515625,
0.317,2.892822265625,-5.155029296875,1.651611328125,
0.3175,3.333251953125,-4.834716796875,0.810791015625,
0.318,3.893798828125,-4.914794921875,0.330322265625,
0.3185,3.853759765625,-4.033935546875,-0.470458984375,
0.319,4.093994140625,-3.673583984375,-0.990966796875,
0.3195,4.174072265625,-2.712646484375,-1.991943359375,
0.32,4.334228515625,-2.152099609375,-2.672607421875,
0.3205,4.013916015625,-1.111083984375,-3.393310546875,
0.321,3.653564453125,-0.350341796875,-3.713623046875,
0.3215,2.932861328125,0.570556640625,-3.873779296875,
0.322,2.492431640625,1.291259765625,-4.114013671875,
0.3225,1.771728515625,2.372314453125,-4.474365234375,
0.323,0.970947265625,2.852783203125,-4.194091796875,
0.3235,0.330322265625,3.573486328125,-4.234130859375,
0.324,-0.510498046875,3.653564453125,-3.473388671875,
0.3245,-1.231201171875,3.973876953125,-3.072998046875,
0.325,-2.312255859375,4.134033203125,-2.192138671875,
0.3255,-3.193115234375,4.414306640625,-1.631591796875,
0.326,-3.633544921875,4.013916015625,-0.790771484375,
0.3265,-4.033935546875,3.973876953125,-0.470458984375,
0.327,-4.033935546875,3.213134765625,0.410400390625,
0.3275,-4.234130859375,2.892822265625,0.930908203125,
0.328,-4.514404296875,2.052001953125,1.971923828125,
0.3285,-4.434326171875,1.411376953125,2.532470703125,
0.329,-4.234130859375,0.570556640625,3.213134765625,
0.3295,-3.713623046875,-0.230224609375,3.413330078125,
0.33,-3.273193359375,-0.990966796875,3.693603515625,
0.3305,-2.672607421875,-1.751708984375,3.853759765625,
0.331,-2.112060546875,-2.712646484375,4.174072265625,
0.3315,-1.311279296875,-3.153076171875,3.853759765625,
0.332,-0.830810546875,-3.753662109375,3.973876953125,
0.3325,0.050048828125,-3.833740234375,3.173095703125,
0.333,0.690673828125,-4.234130859375,2.932861328125,
0.3335,1.851806640625,-4.514404296875,2.052001953125,
0.334,2.492431640625,-4.674560546875,1.571533203125,
0.3345,3.052978515625,-4.554443359375,0.890869140625,
0.335,3.213134765625,-4.314208984375,0.490478515625,
0.3355,3.413330078125,-3.753662109375,-0.190185546875,
0.336,3.573486328125,-3.273193359375,-0.830810546875,
0.3365,4.013916015625,-2.712646484375,-1.871826171875,
0.337,3.813720703125,-1.911865234375,-2.392333984375,
0.3375,3.813720703125,-1.231201171875,-3.113037109375,
0.338,3.052978515625,-0.310302734375,-3.193115234375,
0.3385,2.852783203125,0.370361328125,-3.633544921875,
0.339,2.172119140625,1.331298828125,-3.873779296875,
0.3395,1.731689453125,2.092041015625,-4.154052734375,
0.34,0.930908203125,2.652587890625,-3.873779296875,
0.3405,0.370361328125,3.133056640625,-3.833740234375,
0.341,-0.510498046875,3.253173828125,-3.072998046875,
0.3415,-1.271240234375,3.653564453125,-2.752685546875,
0.342,-2.392333984375,3.973876953125,-1.991943359375,
0.3425,-2.872802734375,3.853759765625,-1.471435546875,
0.343,-3.433349609375,3.893798828125,-0.910888671875,
0.3435,-3.553466796875,3.413330078125,-0.310302734375,
0.344,-3.793701171875,3.052978515625,0.290283203125,
0.3445,-3.913818359375,2.452392578125,1.091064453125,
0.345,-4.354248046875,1.971923828125,1.931884765625,
0.3455,-3.953857421875,1.051025390625,2.452392578125,
0.346,-4.033935546875,0.570556640625,3.012939453125,
0.3465,-3.233154296875,-0.390380859375,3.133056640625,
0.347,-3.153076171875,-0.990966796875,3.533447265625,
0.3475,-2.392333984375,-1.991943359375,3.853759765625,
0.348,-1.871826171875,-2.592529296875,3.853759765625,
0.3485,-1.231201171875,-3.193115234375,3.773681640625,
0.349,-0.590576171875,-3.473388671875,3.453369140625,
0.3495,0.170166015625,-3.793701171875,2.932861328125,
0.35,1.010986328125,-4.154052734375,2.452392578125,
0.3505,2.011962890625,-4.554443359375,1.931884765625,
0.351,2.412353515625,-4.274169921875,1.291259765625,
0.3515,2.892822265625,-4.434326171875,0.930908203125,
0.352,3.012939453125,-3.793701171875,0.250244140625,
0.3525,3.333251953125,-3.593505859375,-0.310302734375,
0.353,3.613525390625,-2.872802734375,-1.271240234375,
0.3535,3.853759765625,-2.432373046875,-1.951904296875,
0.354,3.533447265625,-1.431396484375,-2.592529296875,
0.3545,3.373291015625,-0.830810546875,-2.992919921875,
0.355,2.772705078125,0.050048828125,-3.233154296875,
0.3555,2.532470703125,0.770751953125,-3.713623046875,
0.356,1.851806640625,1.811767578125,-4.033935546875,
0.3565,1.211181640625,2.292236328125,-3.873779296875,
0.357,0.610595703125,2.932861328125,-3.913818359375,
0.3575,-0.230224609375,3.093017578125,-3.273193359375,
0.358,-0.990966796875,3.493408203125,-2.912841796875,
0.3585,-1.991943359375,3.773681640625,-2.192138671875,
0.359,-2.832763671875,4.093994140625,-1.671630859375,
0.3595,-3.193115234375,3.773681640625,-0.990966796875,
0.36,-3.553466796875,3.773681640625,-0.630615234375,
0.3605,-3.593505859375,3.012939453125,0.210205078125,
0.361,-3.873779296875,2.692626953125,0.770751953125,
0.3615,-4.194091796875,1.931884765625,1.851806640625,
0.362,-4.154052734375,1.291259765625,2.412353515625,
0.3625,-3.913818359375,0.450439453125,3.012939453125,
0.363,-3.473388671875,-0.270263671875,3.173095703125,
0.3635,-2.952880859375,-0.990966796875,3.453369140625,
0.364,-2.472412109375,-1.831787109375,3.733642578125,
0.3645,-1.911865234375,-2.712646484375,4.013916015625,
0.365,-1.151123046875,-3.153076171875,3.693603515625,
0.3655,-0.630615234375,-3.713623046875,3.693603515625,
0.366,0.290283203125,-3.793701171875,2.812744140625,
0.3665,1.010986328125,-4.194091796875,2.532470703125,
0.367,2.052001953125,-4.434326171875,1.771728515625,
0.3675,2.652587890625,-4.514404296875,1.251220703125,
0.368,3.012939453125,-4.234130859375,0.690673828125,
0.3685,3.173095703125,-3.993896484375,0.250244140625,
0.369,3.333251953125,-3.353271484375,-0.510498046875,
0.3695,3.573486328125,-2.912841796875,-1.231201171875,
0.37,3.973876953125,-2.272216796875,-2.192138671875,
0.3705,3.533447265625,-1.431396484375,-2.632568359375,
0.371,3.493408203125,-0.750732421875,-3.193115234375,
0.3715,2.732666015625,0.130126953125,-3.313232421875,
0.372,2.452392578125,0.850830078125,-3.713623046875,
0.3725,1.811767578125,1.771728515625,-3.953857421875,
0.373,1.211181640625,2.572509765625,-4.114013671875,
0.3735,0.450439453125,2.892822265625,-3.793701171875,
0.374,-0.150146484375,3.373291015625,-3.633544921875,
0.3745,-1.231201171875,3.533447265625,-2.712646484375,
0.375,-1.951904296875,3.893798828125,-2.312255859375,
0.3755,-3.032958984375,4.214111328125,-1.551513671875,
0.376,-3.473388671875,3.973876953125,-0.910888671875,
0.3765,-3.873779296875,3.853759765625,-0.350341796875,
0.377,-3.953857421875,3.213134765625,0.290283203125,
0.3775,-4.154052734375,2.692626953125,1.091064453125,
0.378,-4.274169921875,1.971923828125,1.891845703125,
0.3785,-4.554443359375,1.291259765625,2.852783203125,
0.379,-3.913818359375,0.290283203125,3.173095703125,
0.3795,-3.873779296875,-0.350341796875,3.693603515625,
0.38,-2.912841796875,-1.351318359375,3.693603515625,
0.3805,-2.552490234375,-2.072021484375,4.013916015625,
0.381,-1.711669921875,-3.072998046875,4.134033203125,
0.3815,-0.990966796875,-3.793701171875,4.093994140625,
0.382,-0.310302734375,-4.033935546875,3.653564453125,
0.3825,0.570556640625,-4.434326171875,3.173095703125,
0.383,1.611572265625,-4.514404296875,2.252197265625,
0.3835,2.372314453125,-4.634521484375,1.731689453125,
0.384,3.333251953125,-4.834716796875,0.970947265625,
0.3845,3.533447265625,-4.394287109375,0.330322265625,
0.385,3.853759765625,-4.194091796875,-0.190185546875,
0.3855,3.853759765625,-3.313232421875,-1.071044921875,
0.386,4.013916015625,-2.792724609375,-1.751708984375,
0.3865,4.013916015625,-1.951904296875,-2.552490234375,
0.387,4.134033203125,-1.231201171875,-3.393310546875,
0.3875,3.333251953125,-0.150146484375,-3.593505859375,
0.388,3.173095703125,0.450439453125,-3.993896484375,
0.3885,2.052001953125,1.571533203125,-3.993896484375,
0.389,1.731689453125,2.252197265625,-4.314208984375,
0.3895,0.810791015625,3.133056640625,-4.354248046875,
0.39,0.050048828125,3.613525390625,-4.033935546875,
0.3905,-0.630615234375,3.853759765625,-3.673583984375,
0.391,-1.591552734375,4.134033203125,-2.912841796875,
0.3915,-2.672607421875,4.374267578125,-2.031982421875,
0.392,-3.393310546875,4.374267578125,-1.311279296875,
0.3925,-4.314208984375,4.534423828125,-0.630615234375,
0.393,-4.434326171875,3.853759765625,0.170166015625,
0.3935,-4.674560546875,3.653564453125,0.650634765625,
0.394,-4.674560546875,2.532470703125,1.731689453125,
0.3945,-4.874755859375,1.971923828125,2.412353515625,
0.395,-4.754638671875,1.010986328125,3.333251953125,
0.3955,-4.674560546875,0.130126953125,4.013916015625,
0.396,-3.833740234375,-0.950927734375,4.134033203125,
0.3965,-3.393310546875,-1.591552734375,4.454345703125,
0.397,-2.272216796875,-2.872802734375,4.494384765625,
0.3975,-1.631591796875,-3.553466796875,4.494384765625,
0.398,-0.710693359375,-4.514404296875,4.454345703125,
0.3985,0.130126953125,-4.834716796875,3.973876953125,
0.399,0.890869140625,-4.954833984375,3.453369140625,
0.3995,2.052001953125,-5.114990234375,2.492431640625,
0.4,3.133056640625,-5.315185546875,1.571533203125,
0.4005,3.773681640625,-5.074951171875,0.690673828125,
0.401,4.494384765625,-5.114990234375,0.050048828125,
0.4015,4.454345703125,-4.194091796875,-0.790771484375,
0.402,4.534423828125,-3.833740234375,-1.271240234375,
0.4025,4.614501953125,-2.632568359375,-2.472412109375,
0.403,4.614501953125,-1.951904296875,-3.193115234375,
0.4035,4.414306640625,-0.910888671875,-3.953857421875,
0.404,3.973876953125,0.010009765625,-4.434326171875,
0.4045,3.093017578125,0.970947265625,-4.474365234375,
0.405,2.532470703125,1.771728515625,-4.634521484375,
0.4055,1.451416015625,3.012939453125,-4.834716796875,
0.406,0.690673828125,3.533447265625,-4.594482421875,
0.4065,-0.150146484375,4.334228515625,-4.554443359375,
0.407,-1.031005859375,4.494384765625,-3.833740234375,
0.4075,-1.751708984375,4.734619140625,-3.273193359375,
0.408,-2.992919921875,4.814697265625,-2.152099609375,
0.4085,-4.073974609375,4.974853515625,-1.271240234375,
0.409,-4.634521484375,4.574462890625,-0.350341796875,
0.4095,-5.275146484375,4.534423828125,0.290283203125,
0.41,-5.114990234375,3.533447265625,1.131103515625,
0.4105,-5.195068359375,3.093017578125,1.731689453125,
0.411,-5.275146484375,1.931884765625,2.972900390625,
0.4115,-5.195068359375,1.131103515625,3.653564453125,
0.412,-4.914794921875,0.010009765625,4.454345703125,
0.4125,-4.354248046875,-0.950927734375,4.774658203125,
0.413,-3.513427734375,-1.871826171875,4.774658203125,
0.4135,-2.752685546875,-2.792724609375,4.854736328125,
0.414,-1.671630859375,-4.073974609375,5.094970703125,
0.4145,-0.710693359375,-4.634521484375,4.614501953125,
0.415,0.050048828125,-5.315185546875,4.614501953125,
0.4155,1.091064453125,-5.355224609375,3.613525390625,
0.416,1.851806640625,-5.515380859375,3.052978515625,
0.4165,3.173095703125,-5.635498046875,1.851806640625,
0.417,4.174072265625,-5.715576171875,0.930908203125,
0.4175,4.614501953125,-5.155029296875,0.010009765625,
0.418,5.094970703125,-4.994873046875,-0.630615234375,
0.4185,4.934814453125,-3.913818359375,-1.551513671875,
0.419,4.934814453125,-3.313232421875,-2.152099609375,
0.4195,5.094970703125,-2.152099609375,-3.513427734375,
0.42,4.734619140625,-1.151123046875,-4.033935546875,
0.4205,4.454345703125,-0.110107421875,-4.754638671875,
0.421,3.653564453125,0.890869140625,-4.914794921875,
0.4215,2.812744140625,1.731689453125,-4.914794921875,
0.422,1.931884765625,2.692626953125,-4.994873046875,
0.4225,0.970947265625,3.893798828125,-5.195068359375,
0.423,-0.150146484375,4.374267578125,-4.514404296875,
0.4235,-0.790771484375,4.974853515625,-4.514404296875,
0.424,-1.951904296875,4.974853515625,-3.353271484375,
0.4245,-2.592529296875,5.054931640625,-2.752685546875,
0.425,-3.993896484375,5.135009765625,-1.551513671875,
0.4255,-4.794677734375,5.094970703125,-0.670654296875,
0.426,-5.195068359375,4.534423828125,0.250244140625,
0.4265,-5.475341796875,4.214111328125,0.850830078125,
0.427,-5.315185546875,3.173095703125,1.771728515625,
0.4275,-5.275146484375,2.492431640625,2.412353515625,
0.428,-5.555419921875,1.371337890625,3.733642578125,
0.4285,-4.994873046875,0.290283203125,4.174072265625,
0.429,-4.754638671875,-0.630615234375,4.814697265625,
0.4295,-3.833740234375,-1.631591796875,4.814697265625,
0.43,-3.072998046875,-2.432373046875,4.854736328125,
0.4305,-2.112060546875,-3.513427734375,4.894775390625,
0.431,-1.191162109375,-4.514404296875,5.094970703125,
0.4315,-0.150146484375,-4.874755859375,4.374267578125,
0.432,0.490478515625,-5.435302734375,4.334228515625,
0.4325,1.731689453125,-5.435302734375,3.052978515625,
0.433,2.372314453125,-5.515380859375,2.532470703125,
0.4335,3.733642578125,-5.715576171875,1.331298828125,
0.434,4.374267578125,-5.435302734375,0.490478515625,
0.4345,4.734619140625,-5.034912109375,-0.310302734375,
0.435,4.854736328125,-4.514404296875,-0.990966796875,
0.4355,4.814697265625,-3.553466796875,-1.871826171875,
0.436,4.734619140625,-2.752685546875,-2.512451171875,
0.4365,5.054931640625,-1.791748046875,-3.713623046875,
0.437,4.334228515625,-0.630615234375,-4.154052734375,
0.4375,4.134033203125,0.130126953125,-4.714599609375,
0.438,2.972900390625,1.251220703125,-4.634521484375,
0.4385,2.452392578125,1.931884765625,-4.834716796875,
0.439,1.451416015625,3.052978515625,-4.834716796875,
0.4395,0.610595703125,3.973876953125,-4.874755859375,
0.44,-0.350341796875,4.254150390625,-4.234130859375,
0.4405,-0.990966796875,4.694580078125,-3.993896484375,
0.441,-2.192138671875,4.614501953125,-2.832763671875,
0.4415,-2.832763671875,4.774658203125,-2.272216796875,
0.442,-4.114013671875,4.974853515625,-1.231201171875,
0.4425,-4.514404296875,4.534423828125,-0.390380859375,
0.443,-4.954833984375,4.294189453125,0.250244140625,
0.4435,-4.914794921875,3.533447265625,0.970947265625,
0.444,-4.994873046875,2.812744140625,1.771728515625,
0.4445,-4.954833984375,1.971923828125,2.532470703125,
0.445,-5.195068359375,1.171142578125,3.533447265625,
0.4455,-4.434326171875,0.010009765625,3.853759765625,
0.446,-4.354248046875,-0.670654296875,4.454345703125,
0.4465,-3.193115234375,-1.751708984375,4.254150390625,
0.447,-2.832763671875,-2.352294921875,4.534423828125,
0.4475,-1.791748046875,-3.473388671875,4.614501953125,
0.448,-0.950927734375,-4.154052734375,4.494384765625,
0.4485,-0.190185546875,-4.514404296875,4.093994140625,
0.449,0.570556640625,-4.834716796875,3.613525390625,
0.4495,1.571533203125,-4.834716796875,2.652587890625,
0.45,2.292236328125,-5.034912109375,2.092041015625,
0.4505,3.453369140625,-5.275146484375,1.291259765625,
0.451,3.733642578125,-4.754638671875,0.490478515625,
0.4515,4.134033203125,-4.714599609375,0.010009765625,
0.452,4.093994140625,-3.793701171875,-0.870849609375,
0.4525,4.294189453125,-3.353271484375,-1.511474609375,
0.453,4.334228515625,-2.392333984375,-2.432373046875,
0.4535,4.494384765625,-1.751708984375,-3.233154296875,
0.454,3.733642578125,-0.630615234375,-3.633544921875,
0.4545,3.573486328125,0.010009765625,-4.073974609375,
0.455,2.572509765625,1.091064453125,-4.033935546875,
0.4555,2.252197265625,1.771728515625,-4.354248046875,
0.456,1.331298828125,2.852783203125,-4.514404296875,
0.4565,0.570556640625,3.293212890625,-4.194091796875,
0.457,-0.070068359375,3.813720703125,-3.993896484375,
0.4575,-0.990966796875,3.973876953125,-3.313232421875,
0.458,-1.871826171875,4.134033203125,-2.672607421875,
0.4585,-2.712646484375,4.334228515625,-1.951904296875,
0.459,-3.633544921875,4.534423828125,-1.271240234375,
0.4595,-3.873779296875,3.973876953125,-0.510498046875,
0.46,-4.274169921875,3.973876953125,-0.070068359375,
0.4605,-4.194091796875,3.012939453125,0.810791015625,
0.461,-4.514404296875,2.652587890625,1.411376953125,
0.4615,-4.634521484375,1.731689453125,2.412353515625,
0.462,-4.554443359375,0.970947265625,3.052978515625,
0.4625,-4.033935546875,0.050048828125,3.533447265625,
0.463,-3.713623046875,-0.590576171875,3.773681640625,
0.4635,-2.912841796875,-1.551513671875,3.853759765625,
0.464,-2.512451171875,-2.272216796875,4.134033203125,
0.4645,-1.671630859375,-3.193115234375,4.334228515625,
0.465,-0.910888671875,-3.593505859375,3.853759765625,
0.4655,-0.350341796875,-4.114013671875,3.853759765625,
0.466,0.650634765625,-4.154052734375,2.892822265625,
0.4665,1.371337890625,-4.514404296875,2.532470703125,
0.467,2.292236328125,-4.634521484375,1.771728515625,
0.4675,2.932861328125,-4.754638671875,1.251220703125,
0.468,3.213134765625,-4.314208984375,0.570556640625,
0.4685,3.493408203125,-4.154052734375,0.170166015625,
0.469,3.413330078125,-3.473388671875,-0.670654296875,
0.4695,3.773681640625,-3.072998046875,-1.271240234375,
0.47,4.053955078125,-2.312255859375,-2.312255859375,
0.4705,3.733642578125,-1.431396484375,-2.712646484375,
0.471,3.493408203125,-0.670654296875,-3.273193359375,
0.4715,2.892822265625,0.090087890625,-3.393310546875,
0.472,2.532470703125,0.890869140625,-3.793701171875,
0.4725,1.931884765625,1.651611328125,-3.993896484375,
0.473,1.331298828125,2.532470703125,-4.194091796875,
0.4735,0.570556640625,2.852783203125,-3.793701171875,
0.474,0.050048828125,3.373291015625,-3.713623046875,
0.4745,-0.990966796875,3.493408203125,-2.832763671875,
0.475,-1.671630859375,3.893798828125,-2.552490234375,
0.4755,-2.712646484375,4.093994140625,-1.751708984375,
0.476,-3.193115234375,4.013916015625,-1.271240234375,
0.4765,-3.553466796875,3.813720703125,-0.630615234375,
0.477,-3.713623046875,3.453369140625,-0.070068359375,
0.4775,-3.953857421875,2.812744140625,0.650634765625,
0.478,-4.154052734375,2.252197265625,1.371337890625,
0.4785,-4.474365234375,1.651611328125,2.372314453125,
0.479,-3.953857421875,0.730712890625,2.732666015625,
0.4795,-3.913818359375,0.130126953125,3.293212890625,
0.48,-3.113037109375,-0.790771484375,3.333251953125,
0.4805,-2.872802734375,-1.471435546875,3.813720703125,
0.481,-2.112060546875,-2.352294921875,3.893798828125,
0.4815,-1.551513671875,-3.072998046875,3.973876953125,
0.482,-0.830810546875,-3.353271484375,3.573486328125,
0.4825,-0.190185546875,-3.793701171875,3.373291015625,
0.483,0.770751953125,-3.993896484375,2.572509765625,
0.4835,1.491455078125,-4.354248046875,2.212158203125,
0.484,2.412353515625,-4.514404296875,1.571533203125,
0.4845,2.692626953125,-4.274169921875,1.010986328125,
0.485,3.133056640625,-4.194091796875,0.570556640625,
0.4855,3.093017578125,-3.593505859375,-0.110107421875,
0.486,3.453369140625,-3.273193359375,-0.790771484375,
0.4865,3.613525390625,-2.552490234375,-1.591552734375,
0.487,3.853759765625,-2.031982421875,-2.352294921875,
0.4875,3.213134765625,-1.071044921875,-2.672607421875,
0.488,3.213134765625,-0.550537109375,-3.193115234375,
0.4885,2.452392578125,0.450439453125,-3.313232421875,
0.489,2.332275390625,1.091064453125,-3.833740234375,
0.4895,1.571533203125,2.052001953125,-3.993896484375,
0.49,1.010986328125,2.532470703125,-3.873779296875,
0.4905,0.330322265625,2.972900390625,-3.633544921875,
0.491,-0.470458984375,3.213134765625,-3.153076171875,
0.4915,-1.351318359375,3.573486328125,-2.592529296875,
0.492,-2.192138671875,3.853759765625,-2.072021484375,
0.4925,-2.952880859375,4.134033203125,-1.551513671875,
0.493,-3.193115234375,3.653564453125,-0.910888671875,
0.4935,-3.673583984375,3.653564453125,-0.470458984375,
0.494,-3.673583984375,2.852783203125,0.370361328125,
0.4945,-4.114013671875,2.572509765625,1.091064453125,
0.495,-4.194091796875,1.771728515625,2.011962890625,
0.4955,-4.194091796875,1.131103515625,2.652587890625,
0.496,-3.713623046875,0.170166015625,3.052978515625,
0.4965,-3.473388671875,-0.390380859375,3.333251953125,
0.497,-2.752685546875,-1.391357421875,3.573486328125,
0.4975,-2.352294921875,-2.072021484375,3.893798828125,
0.498,-1.591552734375,-3.032958984375,3.973876953125,
0.4985,-0.950927734375,-3.353271484375,3.653564453125,
0.499,-0.310302734375,-3.793701171875,3.493408203125,
0.4995,0.690673828125,-3.953857421875,2.692626953125,
0.5,1.531494140625,-4.314208984375,2.212158203125,
0.5005,2.292236328125,-4.434326171875,1.531494140625,
0.501,2.852783203125,-4.554443359375,1.051025390625,
0.5015,3.012939453125,-4.033935546875,0.450439453125,
0.502,3.253173828125,-3.873779296875,0.010009765625,
0.5025,3.413330078125,-3.072998046875,-0.870849609375,
0.503,3.653564453125,-2.672607421875,-1.551513671875,
0.5035,3.813720703125,-1.871826171875,-2.432373046875,
0.504,3.453369140625,-1.151123046875,-2.832763671875,
0.5045,3.093017578125,-0.350341796875,-3.193115234375,
0.505,2.572509765625,0.410400390625,-3.353271484375,
0.5055,2.092041015625,1.291259765625,-3.793701171875,
0.506,1.571533203125,1.931884765625,-3.873779296875,
0.5065,0.970947265625,2.732666015625,-3.993896484375,
0.507,0.210205078125,2.932861328125,-3.513427734375,
0.5075,-0.390380859375,3.373291015625,-3.353271484375,
0.508,-1.471435546875,3.533447265625,-2.472412109375,
0.5085,-2.272216796875,3.933837890625,-2.072021484375,
0.509,-3.032958984375,3.933837890625,-1.311279296875,
0.5095,-3.473388671875,3.853759765625,-0.870849609375,
0.51,-3.713623046875,3.493408203125,-0.230224609375,
0.5105,-3.873779296875,3.093017578125,0.330322265625,
0.511,-4.154052734375,2.412353515625,1.291259765625,
0.5115,-4.234130859375,1.851806640625,1.931884765625,
0.512,-4.474365234375,1.091064453125,2.932861328125,
0.5125,-3.833740234375,0.170166015625,3.173095703125,
0.513,-3.633544921875,-0.550537109375,3.653564453125,
0.5135,-2.832763671875,-1.471435546875,3.733642578125,
0.514,-2.352294921875,-2.392333984375,4.134033203125,
0.5145,-1.591552734375,-3.072998046875,4.013916015625,
0.515,-0.950927734375,-3.793701171875,4.093994140625,
0.5155,-0.110107421875,-3.913818359375,3.453369140625,
0.516,0.610595703125,-4.354248046875,3.133056640625,
0.5165,1.851806640625,-4.554443359375,2.092041015625,
0.517,2.612548828125,-4.754638671875,1.491455078125,
0.5175,3.333251953125,-4.754638671875,0.770751953125,
0.518,3.693603515625,-4.354248046875,0.130126953125,
0.5185,3.733642578125,-3.873779296875,-0.390380859375,
0.519,3.813720703125,-3.193115234375,-1.151123046875,
0.5195,4.134033203125,-2.552490234375,-2.072021484375,
0.52,3.893798828125,-1.671630859375,-2.712646484375,
0.5205,3.973876953125,-0.950927734375,-3.553466796875,
0.521,3.093017578125,0.050048828125,-3.553466796875,
0.5215,2.852783203125,0.690673828125,-3.913818359375,
0.522,1.891845703125,1.771728515625,-4.033935546875,
0.5225,1.331298828125,2.572509765625,-4.314208984375,
0.523,0.490478515625,3.213134765625,-4.033935546875,
0.5235,-0.110107421875,3.693603515625,-3.913818359375,
0.524,-0.950927734375,3.813720703125,-3.193115234375,
0.5245,-1.751708984375,4.053955078125,-2.672607421875,
0.525,-2.992919921875,4.294189453125,-1.791748046875,
0.5255,-3.593505859375,4.174072265625,-1.031005859375,
0.526,-4.274169921875,4.134033203125,-0.430419921875,
0.5265,-4.354248046875,3.613525390625,0.330322265625,
0.527,-4.514404296875,3.173095703125,0.850830078125,
0.5275,-4.514404296875,2.292236328125,1.771728515625,
0.528,-4.834716796875,1.651611328125,2.692626953125,
0.5285,-4.514404296875,0.650634765625,3.333251953125,
0.529,-4.474365234375,-0.070068359375,3.973876953125,
0.5295,-3.513427734375,-1.071044921875,4.013916015625,
0.53,-3.193115234375,-1.751708984375,4.334228515625,
0.5305,-2.112060546875,-2.952880859375,4.494384765625,
0.531,-1.391357421875,-3.793701171875,4.494384765625,
0.5315,-0.510498046875,-4.354248046875,4.294189453125,
0.532,0.250244140625,-4.794677734375,3.893798828125,
0.5325,1.211181640625,-4.834716796875,3.052978515625,
0.533,2.052001953125,-5.114990234375,2.372314453125,
0.5335,3.413330078125,-5.435302734375,1.371337890625,
0.534,3.893798828125,-4.994873046875,0.490478515625,
0.5345,4.494384765625,-4.954833984375,-0.070068359375,
0.535,4.494384765625,-4.033935546875,-0.950927734375,
0.5355,4.494384765625,-3.513427734375,-1.551513671875,
0.536,4.534423828125,-2.472412109375,-2.592529296875,
0.5365,4.694580078125,-1.671630859375,-3.553466796875,
0.537,4.093994140625,-0.550537109375,-4.033935546875,
0.5375,3.853759765625,0.290283203125,-4.514404296875,
0.538,2.732666015625,1.331298828125,-4.434326171875,
0.5385,2.252197265625,2.011962890625,-4.594482421875,
0.539,1.211181640625,3.293212890625,-4.834716796875,
0.5395,0.290283203125,3.893798828125,-4.514404296875,
0.54,-0.430419921875,4.414306640625,-4.274169921875,
0.5405,-1.391357421875,4.654541015625,-3.553466796875,
0.541,-2.312255859375,4.614501953125,-2.712646484375,
0.5415,-3.193115234375,4.734619140625,-1.911865234375,
0.542,-4.474365234375,4.974853515625,-0.990966796875,
0.5425,-4.714599609375,4.374267578125,0.010009765625,
0.543,-5.195068359375,4.334228515625,0.490478515625,
0.5435,-5.074951171875,3.213134765625,1.451416015625,
0.544,-5.114990234375,2.692626953125,2.011962890625,
0.5445,-5.195068359375,1.571533203125,3.173095703125,
0.545,-5.155029296875,0.730712890625,3.973876953125,
0.5455,-4.514404296875,-0.430419921875,4.414306640625,
0.546,-4.194091796875,-1.231201171875,4.814697265625,
0.5465,-3.032958984375,-2.272216796875,4.734619140625,
0.547,-2.472412109375,-2.992919921875,4.814697265625,
0.5475,-1.351318359375,-4.354248046875,5.014892578125,
0.548,-0.350341796875,-4.834716796875,4.494384765625,
0.5485,0.370361328125,-5.315185546875,4.294189453125,
0.549,1.531494140625,-5.515380859375,3.333251953125,
0.5495,2.412353515625,-5.515380859375,2.452392578125,
0.55,3.373291015625,-5.595458984375,1.531494140625,
0.5505,4.494384765625,-5.755615234375,0.650634765625,
0.551,4.654541015625,-4.954833984375,-0.310302734375,
0.5515,5.094970703125,-4.834716796875,-0.830810546875,
0.552,4.974853515625,-3.553466796875,-1.991943359375,
0.5525,4.934814453125,-2.912841796875,-2.552490234375,
0.553,4.974853515625,-1.791748046875,-3.713623046875,
0.5535,4.774658203125,-0.790771484375,-4.434326171875,
0.554,4.013916015625,0.330322265625,-4.754638671875,
0.5545,3.453369140625,1.211181640625,-5.034912109375,
0.555,2.212158203125,2.412353515625,-4.954833984375,
0.5555,1.571533203125,3.052978515625,-4.994873046875,
0.556,0.570556640625,4.294189453125,-5.114990234375,
0.5565,-0.510498046875,4.614501953125,-4.434326171875,
0.557,-1.151123046875,4.974853515625,-4.154052734375,
0.5575,-2.472412109375,5.054931640625,-2.952880859375,
0.558,-3.273193359375,5.054931640625,-2.192138671875,
0.5585,-4.234130859375,5.054931640625,-1.151123046875,
0.559,-5.155029296875,5.094970703125,-0.310302734375,
0.5595,-5.235107421875,4.214111328125,0.610595703125,
0.56,-5.475341796875,3.973876953125,1.131103515625,
0.5605,-5.395263671875,2.612548828125,2.332275390625,
0.561,-5.355224609375,2.052001953125,2.852783203125,
0.5615,-5.435302734375,0.930908203125,4.013916015625,
0.562,-4.954833984375,-0.110107421875,4.534423828125,
0.5625,-4.354248046875,-1.111083984375,4.854736328125,
0.563,-3.553466796875,-1.991943359375,4.974853515625,
0.5635,-2.472412109375,-3.153076171875,5.014892578125,
0.564,-1.751708984375,-3.833740234375,4.974853515625,
0.5645,-0.710693359375,-4.994873046875,5.054931640625,
0.565,0.330322265625,-5.235107421875,4.214111328125,
0.5655,0.970947265625,-5.635498046875,3.933837890625,
0.566,2.332275390625,-5.635498046875,2.612548828125,
0.5665,3.052978515625,-5.635498046875,1.931884765625,
0.567,4.093994140625,-5.555419921875,0.930908203125,
0.5675,4.774658203125,-5.435302734375,0.130126953125,
0.568,4.814697265625,-4.634521484375,-0.750732421875,
0.5685,4.974853515625,-4.234130859375,-1.311279296875,
0.569,4.974853515625,-2.992919921875,-2.512451171875,
0.5695,4.854736328125,-2.352294921875,-2.992919921875,
0.57,4.974853515625,-1.271240234375,-4.154052734375,
0.5705,4.214111328125,-0.150146484375,-4.514404296875,
0.571,3.693603515625,0.770751953125,-4.834716796875,
0.5715,2.732666015625,1.771728515625,-4.834716796875,
0.572,1.891845703125,2.772705078125,-4.994873046875,
0.5725,1.091064453125,3.453369140625,-4.834716796875,
0.573,0.130126953125,4.414306640625,-4.874755859375,
0.5735,-0.830810546875,4.494384765625,-3.993896484375,
0.574,-1.471435546875,4.854736328125,-3.793701171875,
0.5745,-2.832763671875,4.894775390625,-2.392333984375,
0.575,-3.553466796875,4.974853515625,-1.791748046875,
0.5755,-4.514404296875,4.854736328125,-0.790771484375,
0.576,-4.954833984375,4.574462890625,0.010009765625,
0.5765,-5.034912109375,3.853759765625,0.770751953125,
0.577,-5.114990234375,3.333251953125,1.331298828125,
0.5775,-5.155029296875,2.292236328125,2.492431640625,
0.578,-5.034912109375,1.571533203125,3.012939453125,
0.5785,-5.155029296875,0.610595703125,4.093994140625,
0.579,-4.314208984375,-0.510498046875,4.294189453125,
0.5795,-3.953857421875,-1.231201171875,4.614501953125,
0.58,-2.872802734375,-2.272216796875,4.574462890625,
0.5805,-2.272216796875,-3.153076171875,4.814697265625,
0.581,-1.311279296875,-3.953857421875,4.614501953125,
0.5815,-0.510498046875,-4.754638671875,4.494384765625,
0.582,0.450439453125,-4.834716796875,3.733642578125,
0.5825,1.091064453125,-5.114990234375,3.413330078125,
0.583,2.412353515625,-5.195068359375,2.212158203125,
0.5835,3.012939453125,-5.235107421875,1.651611328125,
0.584,3.933837890625,-5.235107421875,0.730712890625,
0.5845,4.174072265625,-4.754638671875,0.010009765625,
0.585,4.374267578125,-4.314208984375,-0.630615234375,
0.5855,4.334228515625,-3.553466796875,-1.351318359375,
0.586,4.534423828125,-2.832763671875,-2.272216796875,
0.5865,4.374267578125,-1.951904296875,-2.912841796875,
0.587,4.494384765625,-1.151123046875,-3.833740234375,
0.5875,3.533447265625,0.010009765625,-3.913818359375,
0.588,3.333251953125,0.610595703125,-4.314208984375,
0.5885,2.212158203125,1.771728515625,-4.314208984375,
0.589,1.851806640625,2.412353515625,-4.634521484375,
0.5895,0.850830078125,3.213134765625,-4.474365234375,
0.59,0.130126953125,3.773681640625,-4.314208984375,
0.5905,-0.670654296875,3.973876953125,-3.593505859375,
0.591,-1.431396484375,4.214111328125,-3.153076171875,
0.5915,-2.592529296875,4.414306640625,-2.192138671875,
0.592,-3.193115234375,4.454345703125,-1.591552734375,
0.5925,-4.033935546875,4.534423828125,-0.830810546875,
0.593,-4.154052734375,3.893798828125,-0.110107421875,
0.5935,-4.514404296875,3.693603515625,0.410400390625,
0.594,-4.434326171875,2.732666015625,1.291259765625,
0.5945,-4.754638671875,2.252197265625,2.052001953125,
0.595,-4.594482421875,1.331298828125,2.812744140625,
0.5955,-4.634521484375,0.610595703125,3.533447265625,
0.596,-3.793701171875,-0.470458984375,3.733642578125,
0.5965,-3.633544921875,-0.990966796875,4.093994140625,
0.597,-2.592529296875,-2.192138671875,4.134033203125,
0.5975,-2.152099609375,-2.872802734375,4.374267578125,
0.598,-1.271240234375,-3.753662109375,4.294189453125,
0.5985,-0.510498046875,-4.073974609375,3.973876953125,
0.599,0.250244140625,-4.354248046875,3.533447265625,
0.5995,1.131103515625,-4.514404296875,2.812744140625,
0.6,2.172119140625,-4.834716796875,2.092041015625,
0.6005,2.772705078125,-4.754638671875,1.411376953125,
0.601,3.453369140625,-4.874755859375,0.850830078125,
0.6015,3.533447265625,-4.154052734375,0.130126953125,
0.602,3.813720703125,-3.993896484375,-0.350341796875,
0.6025,3.813720703125,-3.072998046875,-1.271240234375,
0.603,4.093994140625,-2.632568359375,-1.951904296875,
0.6035,3.973876953125,-1.671630859375,-2.792724609375,
0.604,3.773681640625,-0.990966796875,-3.233154296875,
0.6045,3.093017578125,0.010009765625,-3.473388671875,
0.605,2.772705078125,0.530517578125,-3.713623046875,
0.6055,2.052001953125,1.571533203125,-3.993896484375,
0.606,1.571533203125,2.052001953125,-4.114013671875,
0.6065,0.890869140625,2.932861328125,-4.154052734375,
0.607,0.130126953125,3.173095703125,-3.593505859375,
0.6075,-0.510498046875,3.533447265625,-3.393310546875,
0.608,-1.471435546875,3.693603515625,-2.552490234375,
0.6085,-2.272216796875,4.093994140625,-2.152099609375,
0.609,-2.992919921875,4.013916015625,-1.391357421875,
0.6095,-3.473388671875,4.093994140625,-0.990966796875,
0.61,-3.633544921875,3.493408203125,-0.270263671875,
0.6105,-3.873779296875,3.333251953125,0.170166015625,
0.611,-4.114013671875,2.532470703125,1.131103515625,
0.6115,-4.354248046875,2.132080078125,1.771728515625,
0.612,-4.434326171875,1.291259765625,2.692626953125,
0.6125,-3.993896484375,0.490478515625,3.012939453125,
0.613,-3.633544921875,-0.310302734375,3.453369140625,
0.6135,-3.072998046875,-1.111083984375,3.573486328125,
0.614,-2.592529296875,-2.072021484375,4.013916015625,
0.6145,-1.911865234375,-2.632568359375,3.973876953125,
0.615,-1.311279296875,-3.393310546875,4.093994140625,
0.6155,-0.510498046875,-3.553466796875,3.493408203125,
0.616,0.170166015625,-3.993896484375,3.253173828125,
0.6165,1.251220703125,-4.234130859375,2.412353515625,
0.617,1.971923828125,-4.554443359375,1.971923828125,
0.6175,2.652587890625,-4.514404296875,1.291259765625,
0.618,2.972900390625,-4.354248046875,0.850830078125,
0.6185,3.213134765625,-3.953857421875,0.170166015625,
0.619,3.333251953125,-3.513427734375,-0.390380859375,
0.6195,3.693603515625,-2.912841796875,-1.311279296875,
0.62,3.693603515625,-2.272216796875,-1.911865234375,
0.6205,3.813720703125,-1.591552734375,-2.712646484375,
0.621,3.133056640625,-0.710693359375,-2.912841796875,
0.6215,3.012939453125,-0.150146484375,-3.353271484375,
0.622,2.252197265625,0.770751953125,-3.553466796875,
0.6225,2.011962890625,1.531494140625,-3.913818359375,
0.623,1.251220703125,2.212158203125,-3.833740234375,
0.6235,0.770751953125,2.692626953125,-3.833740234375,
0.624,0.010009765625,2.932861328125,-3.273193359375,
0.6245,-0.670654296875,3.333251953125,-2.952880859375,
0.625,-1.791748046875,3.693603515625,-2.272216796875,
0.6255,-2.392333984375,3.853759765625,-1.831787109375,
0.626,-3.072998046875,3.973876953125,-1.271240234375,
0.6265,-3.193115234375,3.573486328125,-0.750732421875,
0.627,-3.553466796875,3.373291015625,-0.190185546875,
0.6275,-3.713623046875,2.732666015625,0.530517578125,
0.628,-4.154052734375,2.412353515625,1.331298828125,
0.6285,-4.114013671875,1.571533203125,2.052001953125,
0.629,-4.234130859375,0.970947265625,2.772705078125,
0.6295,-3.553466796875,0.010009765625,3.012939453125,
0.63,-3.473388671875,-0.590576171875,3.453369140625,
0.6305,-2.672607421875,-1.631591796875,3.733642578125,
0.631,-2.272216796875,-2.312255859375,4.013916015625,
0.6315,-1.471435546875,-3.072998046875,3.973876953125,
0.632,-0.870849609375,-3.473388671875,3.733642578125,
0.6325,-0.150146484375,-3.793701171875,3.253173828125,
0.633,0.770751953125,-4.073974609375,2.692626953125,
0.6335,1.851806640625,-4.514404296875,2.052001953125,
0.634,2.412353515625,-4.394287109375,1.411376953125,
0.6345,3.012939453125,-4.514404296875,0.970947265625,
0.635,3.093017578125,-3.913818359375,0.290283203125,
0.6355,3.373291015625,-3.713623046875,-0.270263671875,
0.636,3.533447265625,-2.912841796875,-1.151123046875,
0.6365,3.813720703125,-2.432373046875,-1.911865234375,
0.637,3.613525390625,-1.591552734375,-2.592529296875,
0.6375,3.453369140625,-0.990966796875,-3.032958984375,
0.638,2.772705078125,-0.070068359375,-3.193115234375,
0.6385,2.492431640625,0.610595703125,-3.553466796875,
0.639,1.891845703125,1.611572265625,-3.873779296875,
0.6395,1.291259765625,2.212158203125,-3.833740234375,
0.64,0.730712890625,2.852783203125,-3.873779296875,
0.6405,0.010009765625,3.052978515625,-3.353271484375,
0.641,-0.670654296875,3.333251953125,-3.032958984375,
0.6415,-1.671630859375,3.573486328125,-2.272216796875,
0.642,-2.592529296875,3.973876953125,-1.791748046875,
0.6425,-3.072998046875,3.773681640625,-1.071044921875,
0.643,-3.513427734375,3.853759765625,-0.710693359375,
0.6435,-3.553466796875,3.173095703125,0.010009765625,
0.644,-3.833740234375,2.932861328125,0.490478515625,
0.6445,-4.114013671875,2.172119140625,1.491455078125,
0.645,-4.194091796875,1.571533203125,2.092041015625,
0.6455,-4.114013671875,0.770751953125,2.852783203125,
0.646,-3.753662109375,0.010009765625,3.173095703125,
0.6465,-3.273193359375,-0.710693359375,3.453369140625,
0.647,-2.792724609375,-1.511474609375,3.733642578125,
0.6475,-2.192138671875,-2.512451171875,4.134033203125,
0.648,-1.431396484375,-3.072998046875,3.893798828125,
0.6485,-0.910888671875,-3.713623046875,4.013916015625,
0.649,0.010009765625,-3.873779296875,3.253173828125,
0.6495,0.730712890625,-4.234130859375,2.932861328125,
0.65,1.931884765625,-4.554443359375,2.052001953125,
0.6505,2.692626953125,-4.754638671875,1.451416015625,
0.651,3.173095703125,-4.514404296875,0.770751953125,
0.6515,3.533447265625,-4.354248046875,0.290283203125,
0.652,3.573486328125,-3.673583984375,-0.510498046875,
0.6525,3.773681640625,-3.153076171875,-1.151123046875,
0.653,4.134033203125,-2.432373046875,-2.272216796875,
0.6535,3.893798828125,-1.591552734375,-2.872802734375,
0.654,3.773681640625,-0.790771484375,-3.553466796875,
0.6545,3.012939453125,0.170166015625,-3.593505859375,
0.655,2.572509765625,0.890869140625,-3.833740234375,
0.6555,1.891845703125,1.851806640625,-4.073974609375,
0.656,1.211181640625,2.812744140625,-4.354248046875,
0.6565,0.370361328125,3.173095703125,-3.873779296875,
0.657,-0.150146484375,3.693603515625,-3.873779296875,
0.6575,-1.231201171875,3.733642578125,-2.872802734375,
0.658,-1.951904296875,4.013916015625,-2.472412109375,
0.6585,-3.153076171875,4.294189453125,-1.551513671875,
0.659,-3.713623046875,4.134033203125,-0.870849609375,
0.6595,-4.114013671875,3.973876953125,-0.270263671875,
0.66,-4.234130859375,3.493408203125,0.330322265625,
0.6605,-4.274169921875,2.772705078125,1.091064453125,
0.661,-4.354248046875,2.092041015625,1.811767578125,
0.6615,-4.754638671875,1.331298828125,2.852783203125,
0.662,-4.194091796875,0.370361328125,3.293212890625,
0.6625,-4.154052734375,-0.270263671875,3.893798828125,
0.663,-3.193115234375,-1.271240234375,3.853759765625,
0.6635,-2.832763671875,-1.951904296875,4.134033203125,
0.664,-1.951904296875,-2.992919921875,4.334228515625,
0.6645,-1.191162109375,-3.833740234375,4.414306640625,
0.665,-0.390380859375,-4.194091796875,3.973876953125,
0.6655,0.330322265625,-4.634521484375,3.693603515625,
0.666,1.451416015625,-4.714599609375,2.652587890625,
0.6665,2.212158203125,-4.914794921875,2.172119140625,
0.667,3.413330078125,-5.195068359375,1.251220703125,
0.6675,3.853759765625,-4.834716796875,0.450439453125,
0.668,4.214111328125,-4.634521484375,-0.150146484375,
0.6685,4.334228515625,-3.873779296875,-0.990966796875,
0.669,4.414306640625,-3.193115234375,-1.791748046875,
0.6695,4.374267578125,-2.392333984375,-2.592529296875,
0.67,4.654541015625,-1.551513671875,-3.673583984375,
0.6705,3.853759765625,-0.310302734375,-3.953857421875,
0.671,3.653564453125,0.410400390625,-4.434326171875,
0.6715,2.412353515625,1.571533203125,-4.394287109375,
0.672,1.931884765625,2.292236328125,-4.554443359375,
0.6725,0.970947265625,3.333251953125,-4.634521484375,
0.673,0.130126953125,4.013916015625,-4.474365234375,
0.6735,-0.670654296875,4.214111328125,-3.873779296875,
0.674,-1.591552734375,4.614501953125,-3.353271484375,
0.6745,-2.752685546875,4.614501953125,-2.192138671875,
0.675,-3.473388671875,4.614501953125,-1.551513671875,
0.6755,-4.514404296875,4.814697265625,-0.630615234375,
0.676,-4.754638671875,4.174072265625,0.170166015625,
0.6765,-4.994873046875,3.893798828125,0.690673828125,
0.677,-4.994873046875,2.852783203125,1.691650390625,
0.6775,-4.994873046875,2.172119140625,2.412353515625,
0.678,-4.954833984375,1.171142578125,3.213134765625,
0.6785,-5.034912109375,0.370361328125,4.174072265625,
0.679,-4.114013671875,-0.790771484375,4.334228515625,
0.6795,-3.833740234375,-1.391357421875,4.694580078125,
0.68,-2.552490234375,-2.712646484375,4.614501953125,
0.6805,-2.031982421875,-3.353271484375,4.774658203125,
0.681,-0.990966796875,-4.394287109375,4.774658203125,
0.6815,-0.070068359375,-4.954833984375,4.334228515625,
0.682,0.690673828125,-5.114990234375,3.813720703125,
0.6825,1.771728515625,-5.395263671875,3.052978515625,
0.683,2.892822265625,-5.475341796875,1.931884765625,
0.6835,3.573486328125,-5.355224609375,1.171142578125,
0.684,4.614501953125,-5.475341796875,0.290283203125,
0.6845,4.694580078125,-4.674560546875,-0.590576171875,
0.685,4.934814453125,-4.434326171875,-1.111083984375,
0.6855,4.854736328125,-3.193115234375,-2.272216796875,
0.686,4.894775390625,-2.552490234375,-2.952880859375,
0.6865,4.734619140625,-1.391357421875,-3.833740234375,
0.687,4.614501953125,-0.470458984375,-4.634521484375,
0.6875,3.533447265625,0.730712890625,-4.674560546875,
0.688,3.173095703125,1.411376953125,-4.954833984375,
0.6885,1.771728515625,2.812744140625,-4.954833984375,
0.689,1.251220703125,3.453369140625,-4.994873046875,
0.6895,0.170166015625,4.454345703125,-4.874755859375,
0.69,-0.790771484375,4.774658203125,-4.314208984375,
0.6905,-1.551513671875,4.894775390625,-3.673583984375,
0.691,-2.672607421875,5.054931640625,-2.712646484375,
0.6915,-3.873779296875,5.135009765625,-1.631591796875,
0.692,-4.514404296875,4.854736328125,-0.750732421875,
0.6925,-5.395263671875,4.894775390625,0.090087890625,
0.693,-5.275146484375,3.893798828125,0.930908203125,
0.6935,-5.435302734375,3.533447265625,1.411376953125,
0.694,-5.395263671875,2.252197265625,2.652587890625,
0.6945,-5.395263671875,1.571533203125,3.373291015625,
0.695,-5.114990234375,0.450439453125,4.214111328125,
0.6955,-4.834716796875,-0.550537109375,4.814697265625,
0.696,-3.833740234375,-1.591552734375,4.814697265625,
0.6965,-3.273193359375,-2.312255859375,5.014892578125,
0.697,-2.031982421875,-3.673583984375,5.094970703125,
0.6975,-1.271240234375,-4.274169921875,4.854736328125,
0.698,-0.270263671875,-5.195068359375,4.774658203125,
0.6985,0.650634765625,-5.395263671875,4.093994140625,
0.699,1.411376953125,-5.515380859375,3.493408203125,
0.6995,2.692626953125,-5.635498046875,2.372314453125,
0.7,3.813720703125,-5.755615234375,1.411376953125,
0.7005,4.414306640625,-5.395263671875,0.370361328125,
0.701,5.094970703125,-5.395263671875,-0.310302734375,
0.7015,4.934814453125,-4.354248046875,-1.191162109375,
0.702,5.054931640625,-3.873779296875,-1.671630859375,
0.7025,5.054931640625,-2.592529296875,-2.952880859375,
0.703,4.974853515625,-1.831787109375,-3.593505859375,
0.7035,4.654541015625,-0.630615234375,-4.474365234375,
0.704,4.093994140625,0.330322265625,-4.834716796875,
0.7045,3.173095703125,1.291259765625,-4.834716796875,
0.705,2.492431640625,2.092041015625,-4.954833984375,
0.7055,1.411376953125,3.413330078125,-5.114990234375,
0.706,0.570556640625,3.893798828125,-4.794677734375,
0.7065,-0.350341796875,4.774658203125,-4.674560546875,
0.707,-1.271240234375,4.774658203125,-3.833740234375,
0.7075,-1.951904296875,4.974853515625,-3.313232421875,
0.708,-3.273193359375,5.014892578125,-2.072021484375,
0.7085,-4.234130859375,5.054931640625,-1.351318359375,
0.709,-4.794677734375,4.654541015625,-0.310302734375,
0.7095,-5.315185546875,4.534423828125,0.370361328125,
0.71,-5.155029296875,3.573486328125,1.211181640625,
0.7105,-5.235107421875,3.052978515625,1.771728515625,
0.711,-5.395263671875,1.891845703125,3.052978515625,
0.7115,-5.155029296875,1.131103515625,3.613525390625,
0.712,-4.954833984375,0.010009765625,4.414306640625,
0.7125,-4.234130859375,-0.990966796875,4.654541015625,
0.713,-3.553466796875,-1.791748046875,4.734619140625,
0.7135,-2.672607421875,-2.712646484375,4.774658203125,
0.714,-1.791748046875,-3.873779296875,4.974853515625,
0.7145,-0.790771484375,-4.354248046875,4.534423828125,
0.715,-0.110107421875,-5.114990234375,4.494384765625,
0.7155,0.890869140625,-5.074951171875,3.533447265625,
0.716,1.571533203125,-5.275146484375,3.052978515625,
0.7165,2.852783203125,-5.475341796875,1.891845703125,
0.717,3.773681640625,-5.475341796875,1.131103515625,
0.7175,4.334228515625,-5.114990234375,0.170166015625,
0.718,4.614501953125,-4.794677734375,-0.390380859375,
0.7185,4.534423828125,-3.913818359375,-1.151123046875,
0.719,4.534423828125,-3.273193359375,-1.791748046875,
0.7195,4.814697265625,-2.312255859375,-2.992919921875,
0.72,4.414306640625,-1.431396484375,-3.473388671875,
0.7205,4.334228515625,-0.510498046875,-4.274169921875,
0.721,3.373291015625,0.490478515625,-4.274169921875,
0.7215,2.892822265625,1.211181640625,-4.514404296875,
0.722,1.971923828125,2.212158203125,-4.514404296875,
0.7225,1.291259765625,3.133056640625,-4.794677734375,
0.723,0.330322265625,3.613525390625,-4.274169921875,
0.7235,-0.310302734375,4.174072265625,-4.234130859375,
0.724,-1.231201171875,4.134033203125,-3.273193359375,
0.7245,-1.871826171875,4.414306640625,-2.872802734375,
0.725,-3.193115234375,4.614501953125,-1.791748046875,
0.7255,-3.833740234375,4.494384765625,-1.151123046875,
0.726,-4.394287109375,4.334228515625,-0.350341796875,
0.7265,-4.514404296875,3.853759765625,0.290283203125,
0.727,-4.634521484375,3.253173828125,0.930908203125,
0.7275,-4.634521484375,2.532470703125,1.651611328125,
0.728,-4.994873046875,1.851806640625,2.692626953125,
0.7285,-4.554443359375,0.890869140625,3.173095703125,
0.729,-4.594482421875,0.170166015625,3.933837890625,
0.7295,-3.593505859375,-0.830810546875,3.893798828125,
0.73,-3.353271484375,-1.471435546875,4.214111328125,
0.7305,-2.352294921875,-2.552490234375,4.334228515625,
0.731,-1.791748046875,-3.353271484375,4.494384765625,
0.7315,-0.830810546875,-3.913818359375,4.134033203125,
0.732,-0.230224609375,-4.394287109375,3.973876953125,
0.7325,0.690673828125,-4.514404296875,3.173095703125,
0.733,1.451416015625,-4.834716796875,2.652587890625,
0.7335,2.732666015625,-5.114990234375,1.771728515625,
0.734,3.213134765625,-4.834716796875,1.051025390625,
0.7345,3.813720703125,-4.834716796875,0.490478515625,
0.735,3.853759765625,-4.154052734375,-0.230224609375,
0.7355,4.013916015625,-3.713623046875,-0.830810546875,
0.736,4.053955078125,-2.872802734375,-1.751708984375,
0.7365,4.374267578125,-2.272216796875,-2.592529296875,
0.737,3.853759765625,-1.231201171875,-3.153076171875,
0.7375,3.813720703125,-0.590576171875,-3.713623046875,
0.738,2.852783203125,0.410400390625,-3.713623046875,
0.7385,2.572509765625,1.010986328125,-3.993896484375,
0.739,1.771728515625,2.132080078125,-4.234130859375,
0.7395,1.131103515625,2.692626953125,-4.194091796875,
0.74,0.410400390625,3.293212890625,-4.033935546875,
0.7405,-0.310302734375,3.493408203125,-3.553466796875,
0.741,-1.031005859375,3.653564453125,-3.072998046875,
0.7415,-1.951904296875,3.853759765625,-2.392333984375,
0.742,-2.872802734375,4.294189453125,-1.711669921875,
0.7425,-3.313232421875,3.893798828125,-0.990966796875,
0.743,-3.833740234375,4.013916015625,-0.630615234375,
0.7435,-3.793701171875,3.253173828125,0.130126953125,
0.744,-4.073974609375,3.052978515625,0.610595703125,
0.7445,-4.234130859375,2.212158203125,1.611572265625,
0.745,-4.434326171875,1.771728515625,2.252197265625,
0.7455,-4.154052734375,0.730712890625,2.932861328125,
0.746,-3.953857421875,0.170166015625,3.293212890625,
0.7465,-3.313232421875,-0.710693359375,3.493408203125,
0.747,-2.952880859375,-1.391357421875,3.853759765625,
0.7475,-2.272216796875,-2.472412109375,4.134033203125,
0.748,-1.591552734375,-2.952880859375,3.973876953125,
0.7485,-1.071044921875,-3.713623046875,4.053955078125,
0.749,-0.190185546875,-3.833740234375,3.373291015625,
0.7495,0.530517578125,-4.154052734375,3.133056640625,
0.75,1.571533203125,-4.474365234375,2.252197265625,
0.7505,2.412353515625,-4.794677734375,1.771728515625,
0.751,2.892822265625,-4.474365234375,1.010986328125,
0.7515,3.253173828125,-4.474365234375,0.650634765625,
0.752,3.333251953125,-3.713623046875,-0.150146484375,
0.7525,3.613525390625,-3.473388671875,-0.710693359375,
0.753,3.933837890625,-2.672607421875,-1.791748046875,
0.7535,3.853759765625,-1.991943359375,-2.352294921875,
0.754,3.693603515625,-1.151123046875,-3.032958984375,
0.7545,3.133056640625,-0.350341796875,-3.193115234375,
0.755,2.732666015625,0.370361328125,-3.513427734375,
0.7555,2.212158203125,1.211181640625,-3.793701171875,
0.756,1.651611328125,2.092041015625,-4.154052734375,
0.7565,0.930908203125,2.532470703125,-3.793701171875,
0.757,0.450439453125,3.052978515625,-3.873779296875,
0.7575,-0.390380859375,3.133056640625,-3.113037109375,
0.758,-1.151123046875,3.533447265625,-2.792724609375,
0.7585,-2.232177734375,3.853759765625,-1.991943359375,
0.759,-2.792724609375,3.933837890625,-1.511474609375,
0.7595,-3.273193359375,3.773681640625,-0.910888671875,
0.76,-3.433349609375,3.533447265625,-0.510498046875,
0.7605,-3.593505859375,3.012939453125,0.210205078125,
0.761,-3.833740234375,2.572509765625,0.850830078125,
0.7615,-4.274169921875,2.052001953125,1.811767578125,
0.762,-3.993896484375,1.251220703125,2.292236328125,
0.7625,-4.073974609375,0.610595703125,2.972900390625,
0.763,-3.353271484375,-0.270263671875,3.052978515625,
0.7635,-3.193115234375,-0.870849609375,3.533447265625,
0.764,-2.512451171875,-1.871826171875,3.813720703125,
0.7645,-1.991943359375,-2.632568359375,3.973876953125,
0.765,-1.271240234375,-3.193115234375,3.773681640625,
0.7655,-0.750732421875,-3.673583984375,3.693603515625,
0.766,0.210205078125,-3.793701171875,2.972900390625,
0.7665,0.970947265625,-4.234130859375,2.652587890625,
0.767,2.092041015625,-4.634521484375,1.931884765625,
0.7675,2.572509765625,-4.514404296875,1.291259765625,
0.768,3.133056640625,-4.514404296875,0.810791015625,
0.7685,3.173095703125,-3.913818359375,0.210205078125,
0.769,3.493408203125,-3.553466796875,-0.510498046875,
0.7695,3.693603515625,-2.872802734375,-1.351318359375,
0.77,4.013916015625,-2.312255859375,-2.232177734375,
0.7705,3.533447265625,-1.311279296875,-2.712646484375,
0.771,3.493408203125,-0.710693359375,-3.233154296875,
0.7715,2.612548828125,0.250244140625,-3.273193359375,
0.772,2.412353515625,0.930908203125,-3.753662109375,
0.7725,1.651611328125,1.931884765625,-4.033935546875,
0.773,1.010986328125,2.532470703125,-3.953857421875,
0.7735,0.450439453125,2.892822265625,-3.793701171875,
0.774,-0.310302734375,3.213134765625,-3.273193359375,
0.7745,-1.151123046875,3.453369140625,-2.632568359375,
0.775,-1.991943359375,3.773681640625,-2.112060546875,
0.7755,-2.912841796875,4.053955078125,-1.551513671875,
0.776,-3.193115234375,3.693603515625,-0.830810546875,
0.7765,-3.633544921875,3.733642578125,-0.510498046875,
0.777,-3.593505859375,2.932861328125,0.290283203125,
0.7775,-3.913818359375,2.692626953125,0.810791015625,
0.778,-4.114013671875,1.931884765625,1.771728515625,
0.7785,-4.234130859375,1.331298828125,2.492431640625,
0.779,-3.833740234375,0.410400390625,2.892822265625,
0.7795,-3.673583984375,-0.150146484375,3.253173828125,
0.78,-2.912841796875,-1.031005859375,3.413330078125,
0.7805,-2.592529296875,-1.791748046875,3.813720703125,
0.781,-1.911865234375,-2.792724609375,4.013916015625,
0.7815,-1.191162109375,-3.273193359375,3.773681640625,
0.782,-0.630615234375,-3.713623046875,3.773681640625,
0.7825,0.290283203125,-3.913818359375,3.052978515625,
0.783,1.091064453125,-4.234130859375,2.572509765625,
0.7835,2.052001953125,-4.514404296875,1.891845703125,
0.784,2.852783203125,-4.754638671875,1.331298828125,
0.7845,3.133056640625,-4.314208984375,0.610595703125,
0.785,3.493408203125,-4.274169921875,0.250244140625,
0.7855,3.533447265625,-3.393310546875,-0.670654296875,
0.786,3.853759765625,-3.072998046875,-1.311279296875,
0.7865,4.093994140625,-2.192138671875,-2.352294921875,
0.787,3.853759765625,-1.431396484375,-2.952880859375,
0.7875,3.493408203125,-0.510498046875,-3.393310546875,
0.788,2.972900390625,0.250244140625,-3.633544921875,
0.7885,2.252197265625,1.171142578125,-3.873779296875,
0.789,1.771728515625,1.931884765625,-4.154052734375,
0.7895,1.010986328125,2.852783203125,-4.354248046875,
0.79,0.250244140625,3.213134765625,-3.833740234375,
0.7905,-0.350341796875,3.693603515625,-3.673583984375,
0.791,-1.471435546875,3.813720703125,-2.632568359375,
0.7915,-2.272216796875,4.093994140625,-2.152099609375,
0.792,-3.193115234375,4.134033203125,-1.311279296875,
0.7925,-3.833740234375,4.134033203125,-0.750732421875,
0.793,-3.993896484375,3.653564453125,0.010009765625,
0.7935,-4.194091796875,3.373291015625,0.450439453125,
0.794,-4.274169921875,2.452392578125,1.411376953125,
0.7945,-4.394287109375,1.931884765625,2.052001953125,
0.795,-4.594482421875,1.091064453125,3.052978515625,
0.7955,-4.033935546875,0.170166015625,3.453369140625,
0.796,-3.793701171875,-0.590576171875,3.813720703125,
0.7965,-2.992919921875,-1.551513671875,3.853759765625,
0.797,-2.352294921875,-2.392333984375,4.134033203125,
0.7975,-1.631591796875,-3.193115234375,4.134033203125,
0.798,-0.910888671875,-3.953857421875,4.214111328125,
0.7985,-0.110107421875,-4.154052734375,3.653564453125,
0.799,0.570556640625,-4.554443359375,3.373291015625,
0.7995,1.771728515625,-4.634521484375,2.252197265625,
0.8,2.532470703125,-4.874755859375,1.771728515625,
0.8005,3.453369140625,-4.914794921875,0.930908203125,
0.801,3.853759765625,-4.674560546875,0.250244140625,
0.8015,4.013916015625,-4.194091796875,-0.350341796875,
0.802,4.134033203125,-3.593505859375,-1.031005859375,
0.8025,4.294189453125,-2.792724609375,-2.031982421875,
0.803,4.214111328125,-2.072021484375,-2.672607421875,
0.8035,4.414306640625,-1.191162109375,-3.713623046875,
0.804,3.533447265625,-0.110107421875,-3.873779296875,
0.8045,3.253173828125,0.570556640625,-4.274169921875,
0.805,2.212158203125,1.651611328125,-4.314208984375,
0.8055,1.651611328125,2.572509765625,-4.634521484375,
0.806,0.730712890625,3.373291015625,-4.434326171875,
0.8065,0.010009765625,4.093994140625,-4.434326171875,
0.807,-0.910888671875,4.134033203125,-3.593505859375,
0.8075,-1.631591796875,4.494384765625,-3.193115234375,
0.808,-3.032958984375,4.614501953125,-1.951904296875,
0.8085,-3.713623046875,4.614501953125,-1.271240234375,
0.809,-4.554443359375,4.534423828125,-0.390380859375,
0.8095,-4.834716796875,4.093994140625,0.330322265625,
0.81,-4.834716796875,3.493408203125,0.970947265625,
0.8105,-4.874755859375,2.652587890625,1.771728515625,
0.811,-5.074951171875,1.771728515625,2.852783203125,
0.8115,-4.754638671875,0.890869140625,3.413330078125,
0.812,-4.834716796875,0.010009765625,4.334228515625,
0.8125,-3.833740234375,-1.111083984375,4.334228515625,
0.813,-3.473388671875,-1.751708984375,4.534423828125,
0.8135,-2.272216796875,-2.992919921875,4.574462890625,
0.814,-1.591552734375,-3.793701171875,4.734619140625,
0.8145,-0.590576171875,-4.514404296875,4.414306640625,
0.815,0.130126953125,-5.074951171875,4.254150390625,
0.8155,1.091064453125,-5.034912109375,3.333251953125,
0.816,1.891845703125,-5.275146484375,2.772705078125,
0.8165,3.333251953125,-5.475341796875,1.571533203125,
0.817,3.933837890625,-5.235107421875,0.770751953125,
0.8175,4.614501953125,-5.195068359375,0.010009765625,
0.818,4.734619140625,-4.514404296875,-0.790771484375,
0.8185,4.774658203125,-3.873779296875,-1.391357421875,
0.819,4.734619140625,-2.872802734375,-2.392333984375,
0.8195,4.974853515625,-2.031982421875,-3.433349609375,
0.82,4.454345703125,-0.950927734375,-3.993896484375,
0.8205,4.334228515625,-0.150146484375,-4.754638671875,
0.821,3.173095703125,1.010986328125,-4.634521484375,
0.8215,2.812744140625,1.651611328125,-4.874755859375,
0.822,1.571533203125,3.052978515625,-4.914794921875,
0.8225,0.810791015625,3.853759765625,-4.914794921875,
0.823,-0.230224609375,4.494384765625,-4.514404296875,
0.8235,-0.990966796875,4.854736328125,-4.194091796875,
0.824,-1.951904296875,4.854736328125,-3.193115234375,
0.8245,-2.832763671875,4.974853515625,-2.512451171875,
0.825,-4.274169921875,5.255126953125,-1.311279296875,
0.8255,-4.794677734375,4.814697265625,-0.390380859375,
0.826,-5.435302734375,4.734619140625,0.330322265625,
0.8265,-5.355224609375,3.813720703125,1.171142578125,
0.827,-5.355224609375,3.173095703125,1.771728515625,
0.8275,-5.355224609375,2.052001953125,2.852783203125,
0.828,-5.515380859375,1.171142578125,3.893798828125,
0.8285,-4.834716796875,-0.070068359375,4.374267578125,
0.829,-4.754638671875,-0.910888671875,4.974853515625,
0.8295,-3.513427734375,-1.991943359375,4.814697265625,
0.83,-2.952880859375,-2.592529296875,4.974853515625,
0.8305,-1.751708984375,-3.993896484375,5.094970703125,
0.831,-0.790771484375,-4.714599609375,4.854736328125,
0.8315,0.130126953125,-5.275146484375,4.494384765625,
0.832,0.970947265625,-5.555419921875,3.973876953125,
0.8325,1.971923828125,-5.515380859375,2.932861328125,
0.833,2.892822265625,-5.635498046875,2.132080078125,
0.8335,4.294189453125,-5.875732421875,1.010986328125,
0.834,4.614501953125,-5.235107421875,0.050048828125,
0.8345,5.135009765625,-5.155029296875,-0.550537109375,
0.835,5.054931640625,-4.114013671875,-1.471435546875,
0.8355,5.014892578125,-3.473388671875,-2.112060546875,
0.836,5.014892578125,-2.272216796875,-3.233154296875,
0.8365,5.054931640625,-1.431396484375,-4.154052734375,
0.837,4.334228515625,-0.190185546875,-4.634521484375,
0.8375,3.973876953125,0.610595703125,-5.074951171875,
0.838,2.732666015625,1.811767578125,-4.874755859375,
0.8385,2.212158203125,2.492431640625,-4.994873046875,
0.839,1.051025390625,3.853759765625,-5.155029296875,
0.8395,0.050048828125,4.374267578125,-4.754638671875,
0.84,-0.710693359375,4.854736328125,-4.474365234375,
0.8405,-1.711669921875,4.974853515625,-3.593505859375,
0.841,-2.632568359375,5.014892578125,-2.712646484375,
0.8415,-3.553466796875,5.054931640625,-1.791748046875,
0.842,-4.754638671875,5.255126953125,-0.830810546875,
0.8425,-4.994873046875,4.494384765625,0.130126953125,
0.843,-5.435302734375,4.454345703125,0.650634765625,
0.8435,-5.275146484375,3.213134765625,1.611572265625,
0.844,-5.275146484375,2.692626953125,2.212158203125,
0.8445,-5.355224609375,1.531494140625,3.333251953125,
0.845,-5.235107421875,0.610595703125,4.093994140625,
0.8455,-4.594482421875,-0.550537109375,4.534423828125,
0.846,-4.154052734375,-1.271240234375,4.854736328125,
0.8465,-3.072998046875,-2.312255859375,4.814697265625,
0.847,-2.472412109375,-3.032958984375,4.854736328125,
0.8475,-1.391357421875,-4.354248046875,5.094970703125,
0.848,-0.350341796875,-4.794677734375,4.494384765625,
0.8485,0.290283203125,-5.275146484375,4.334228515625,
0.849,1.451416015625,-5.395263671875,3.253173828125,
0.8495,2.252197265625,-5.435302734375,2.572509765625,
0.85,3.293212890625,-5.475341796875,1.571533203125,
0.8505,4.294189453125,-5.635498046875,0.770751953125,
0.851,4.494384765625,-4.914794921875,-0.150146484375,
0.8515,4.814697265625,-4.714599609375,-0.630615234375,
0.852,4.654541015625,-3.553466796875,-1.711669921875,
0.8525,4.694580078125,-3.072998046875,-2.272216796875,
0.853,4.854736328125,-1.951904296875,-3.473388671875,
0.8535,4.494384765625,-0.990966796875,-4.033935546875,
0.854,3.973876953125,0.050048828125,-4.474365234375,
0.8545,3.293212890625,0.890869140625,-4.554443359375,
0.855,2.372314453125,1.891845703125,-4.634521484375,
0.8555,1.771728515625,2.612548828125,-4.714599609375,
0.856,0.810791015625,3.733642578125,-4.874755859375,
0.8565,-0.150146484375,4.013916015625,-4.154052734375,
0.857,-0.710693359375,4.494384765625,-4.114013671875,
0.8575,-1.951904296875,4.494384765625,-2.872802734375,
0.858,-2.552490234375,4.654541015625,-2.432373046875,
0.8585,-3.673583984375,4.694580078125,-1.391357421875,
0.859,-4.314208984375,4.614501953125,-0.710693359375,
0.8595,-4.554443359375,4.093994140625,0.050048828125,
0.86,-4.754638671875,3.813720703125,0.530517578125,
0.8605,-4.714599609375,2.772705078125,1.451416015625,
0.861,-4.794677734375,2.252197265625,2.052001953125,
0.8615,-5.034912109375,1.291259765625,3.173095703125,
0.862,-4.514404296875,0.410400390625,3.573486328125,
0.8625,-4.314208984375,-0.390380859375,4.134033203125,
0.863,-3.433349609375,-1.271240234375,4.134033203125,
0.8635,-2.872802734375,-2.072021484375,4.414306640625,
0.864,-2.072021484375,-2.992919921875,4.454345703125,
0.8645,-1.311279296875,-3.873779296875,4.574462890625,
0.865,-0.430419921875,-4.194091796875,3.973876953125,
0.8655,0.130126953125,-4.674560546875,3.893798828125,
0.866,1.331298828125,-4.674560546875,2.732666015625,
0.8665,1.971923828125,-4.994873046875,2.412353515625,
0.867,3.133056640625,-5.155029296875,1.411376953125,
0.8675,3.573486328125,-4.914794921875,0.770751953125,
0.868,3.893798828125,-4.634521484375,0.130126953125,
0.8685,3.973876953125,-4.114013671875,-0.510498046875,
0.869,4.134033203125,-3.393310546875,-1.351318359375,
0.8695,4.174072265625,-2.712646484375,-2.072021484375,
0.87,4.494384765625,-1.951904296875,-3.072998046875,
0.8705,3.773681640625,-0.790771484375,-3.433349609375,
0.871,3.693603515625,-0.150146484375,-3.953857421875,
0.8715,2.612548828125,0.890869140625,-3.913818359375,
0.872,2.372314453125,1.571533203125,-4.314208984375,
0.8725,1.451416015625,2.532470703125,-4.354248046875,
0.873,0.770751953125,3.253173828125,-4.314208984375,
0.8735,0.010009765625,3.533447265625,-3.833740234375,
0.874,-0.710693359375,3.853759765625,-3.513427734375,
0.8745,-1.791748046875,3.973876953125,-2.552490234375,
0.875,-2.432373046875,4.174072265625,-2.112060546875,
0.8755,-3.433349609375,4.414306640625,-1.311279296875,
0.876,-3.713623046875,3.973876953125,-0.630615234375,
0.8765,-4.073974609375,3.813720703125,-0.150146484375,
0.877,-3.993896484375,3.012939453125,0.530517578125,
0.8775,-4.314208984375,2.572509765625,1.211181640625,
0.878,-4.354248046875,1.851806640625,2.052001953125,
0.8785,-4.554443359375,1.251220703125,2.852783203125,
0.879,-3.873779296875,0.290283203125,3.173095703125,
0.8795,-3.833740234375,-0.310302734375,3.573486328125,
0.88,-2.912841796875,-1.271240234375,3.613525390625,
0.8805,-2.712646484375,-1.911865234375,4.013916015625,
0.881,-1.871826171875,-2.872802734375,4.134033203125,
0.8815,-1.191162109375,-3.353271484375,3.973876953125,
0.882,-0.550537109375,-3.833740234375,3.773681640625,
0.8825,0.250244140625,-4.033935546875,3.173095703125,
0.883,1.131103515625,-4.354248046875,2.612548828125,
0.8835,1.931884765625,-4.514404296875,2.011962890625,
0.884,2.812744140625,-4.834716796875,1.451416015625,
0.8845,3.052978515625,-4.394287109375,0.730712890625,
0.885,3.453369140625,-4.434326171875,0.330322265625,
0.8855,3.493408203125,-3.553466796875,-0.510498046875,
0.886,3.853759765625,-3.233154296875,-1.151123046875,
0.8865,3.973876953125,-2.352294921875,-2.072021484375,
0.887,3.933837890625,-1.711669921875,-2.712646484375,
0.8875,3.413330078125,-0.710693359375,-3.153076171875,
0.888,3.173095703125,-0.150146484375,-3.473388671875,
0.8885,2.412353515625,0.810791015625,-3.673583984375,
0.889,2.092041015625,1.531494140625,-4.033935546875,
0.8895,1.331298828125,2.492431640625,-4.154052734375,
0.89,0.610595703125,2.812744140625,-3.793701171875,
0.8905,0.050048828125,3.293212890625,-3.713623046875,
0.891,-0.910888671875,3.413330078125,-2.872802734375,
0.8915,-1.671630859375,3.813720703125,-2.512451171875,
0.892,-2.512451171875,3.893798828125,-1.751708984375,
0.8925,-3.153076171875,4.013916015625,-1.311279296875,
0.893,-3.353271484375,3.533447265625,-0.630615234375,
0.8935,-3.633544921875,3.453369140625,-0.310302734375,
0.894,-3.713623046875,2.692626953125,0.610595703125,
0.8945,-3.993896484375,2.412353515625,1.251220703125,
0.895,-4.274169921875,1.611572265625,2.212158203125,
0.8955,-3.953857421875,0.930908203125,2.572509765625,
0.896,-3.753662109375,0.170166015625,3.093017578125,
0.8965,-3.233154296875,-0.510498046875,3.213134765625,
0.897,-2.872802734375,-1.311279296875,3.653564453125,
0.8975,-2.272216796875,-2.072021484375,3.813720703125,
0.898,-1.671630859375,-2.872802734375,3.973876953125,
0.8985,-0.990966796875,-3.193115234375,3.573486328125,
0.899,-0.430419921875,-3.713623046875,3.533447265625,
0.8995,0.570556640625,-3.833740234375,2.692626953125,
0.9,1.291259765625,-4.314208984375,2.412353515625,
0.9005,2.252197265625,-4.514404296875,1.651611328125,
0.901,2.652587890625,-4.514404296875,1.251220703125,
0.9015,3.012939453125,-4.234130859375,0.610595703125,
0.902,3.173095703125,-3.833740234375,0.130126953125,
0.9025,3.493408203125,-3.273193359375,-0.710693359375,
0.903,3.693603515625,-2.752685546875,-1.471435546875,
0.9035,3.973876953125,-2.072021484375,-2.432373046875,
0.904,3.413330078125,-1.151123046875,-2.752685546875,
0.9045,3.333251953125,-0.510498046875,-3.313232421875,
0.905,2.532470703125,0.450439453125,-3.393310546875,
0.9055,2.332275390625,1.211181640625,-3.913818359375,
0.906,1.571533203125,2.052001953125,-3.953857421875,
0.9065,0.970947265625,2.692626953125,-3.993896484375,
0.907,0.250244140625,2.972900390625,-3.553466796875,
0.9075,-0.510498046875,3.373291015625,-3.233154296875,
0.908,-1.551513671875,3.573486328125,-2.432373046875,
0.9085,-2.272216796875,3.813720703125,-1.991943359375,
0.909,-3.072998046875,3.973876953125,-1.351318359375,
0.9095,-3.273193359375,3.653564453125,-0.790771484375,
0.91,-3.633544921875,3.453369140625,-0.270263671875,
0.9105,-3.673583984375,2.812744140625,0.450439453125,
0.911,-3.993896484375,2.412353515625,1.211181640625,
0.9115,-4.033935546875,1.651611328125,1.931884765625,
0.912,-4.194091796875,1.091064453125,2.692626953125,
0.9125,-3.553466796875,0.130126953125,2.932861328125,
0.913,-3.513427734375,-0.390380859375,3.333251953125,
0.9135,-2.632568359375,-1.391357421875,3.493408203125,
0.914,-2.352294921875,-2.072021484375,3.853759765625,
0.9145,-1.591552734375,-2.872802734375,3.853759765625,
0.915,-0.990966796875,-3.353271484375,3.773681640625,
0.9155,-0.350341796875,-3.673583984375,3.373291015625,
0.916,0.490478515625,-3.913818359375,2.852783203125,
0.9165,1.451416015625,-4.314208984375,2.212158203125,
0.917,2.172119140625,-4.474365234375,1.611572265625,
0.9175,2.892822265625,-4.634521484375,1.131103515625,
0.918,3.052978515625,-4.114013671875,0.530517578125,
0.9185,3.333251953125,-3.953857421875,0.050048828125,
0.919,3.413330078125,-3.153076171875,-0.790771484375,
0.9195,3.813720703125,-2.832763671875,-1.511474609375,
0.92,3.773681640625,-1.951904296875,-2.352294921875,
0.9205,3.733642578125,-1.271240234375,-2.952880859375,
0.921,3.052978515625,-0.310302734375,-3.193115234375,
0.9215,2.852783203125,0.290283203125,-3.553466796875,
0.922,2.052001953125,1.371337890625,-3.833740234375,
0.9225,1.651611328125,2.052001953125,-4.073974609375,
0.923,0.930908203125,2.852783203125,-4.114013671875,
0.9235,0.210205078125,3.173095703125,-3.713623046875,
0.924,-0.510498046875,3.533447265625,-3.393310546875,
0.9245,-1.511474609375,3.693603515625,-2.592529296875,
0.925,-2.512451171875,4.093994140625,-1.991943359375,
0.9255,-3.193115234375,3.973876953125,-1.271240234375,
0.926,-3.793701171875,4.134033203125,-0.710693359375,
0.9265,-3.833740234375,3.453369140625,0.010009765625,
0.927,-4.033935546875,3.173095703125,0.490478515625,
0.9275,-4.194091796875,2.252197265625,1.451416015625,
0.928,-4.434326171875,1.771728515625,2.172119140625,
0.9285,-4.314208984375,0.850830078125,3.012939453125,
0.929,-4.033935546875,0.090087890625,3.453369140625,
0.9295,-3.393310546875,-0.750732421875,3.613525390625,
0.93,-2.872802734375,-1.471435546875,3.853759765625,
0.9305,-2.192138671875,-2.592529296875,4.134033203125,
0.931,-1.431396484375,-3.193115234375,4.053955078125,
0.9315,-0.790771484375,-3.913818359375,4.134033203125,
0.932,0.010009765625,-4.114013671875,3.493408203125,
0.9325,0.690673828125,-4.434326171875,3.133056640625,
0.933,1.891845703125,-4.634521484375,2.092041015625,
0.9335,2.812744140625,-4.874755859375,1.451416015625,
0.934,3.373291015625,-4.634521484375,0.690673828125,
0.9345,3.813720703125,-4.514404296875,0.210205078125,
0.935,3.813720703125,-3.833740234375,-0.510498046875,
0.9355,3.893798828125,-3.353271484375,-1.151123046875,
0.936,4.134033203125,-2.472412109375,-2.232177734375,
0.9365,4.053955078125,-1.751708984375,-2.832763671875,
0.937,3.973876953125,-0.870849609375,-3.593505859375,
0.9375,3.333251953125,0.050048828125,-3.833740234375,
0.938,2.852783203125,0.770751953125,-3.993896484375,
0.9385,2.052001953125,1.731689453125,-4.154052734375,
0.939,1.411376953125,2.772705078125,-4.514404296875,
0.9395,0.530517578125,3.293212890625,-4.154052734375,
0.94,0.050048828125,4.013916015625,-4.154052734375,
0.9405,-0.990966796875,3.973876953125,-3.313232421875,
0.941,-1.711669921875,4.214111328125,-2.912841796875,
0.9415,-2.992919921875,4.494384765625,-1.791748046875,
0.942,-3.833740234375,4.534423828125,-1.111083984375,
0.9425,-4.354248046875,4.214111328125,-0.310302734375,
0.943,-4.634521484375,3.973876953125,0.290283203125,
0.9435,-4.634521484375,3.173095703125,1.091064453125,
0.944,-4.714599609375,2.532470703125,1.771728515625,
0.9445,-4.994873046875,1.611572265625,2.932861328125,
0.945,-4.634521484375,0.690673828125,3.493408203125,
0.9455,-4.514404296875,-0.190185546875,4.174072265625,
0.946,-3.633544921875,-1.151123046875,4.254150390625,
0.9465,-3.113037109375,-1.911865234375,4.454345703125,
0.947,-2.192138671875,-2.952880859375,4.534423828125,
0.9475,-1.351318359375,-3.993896484375,4.734619140625,
0.948,-0.430419921875,-4.514404296875,4.134033203125,
0.9485,0.250244140625,-4.994873046875,4.093994140625,
0.949,1.371337890625,-4.994873046875,2.932861328125,
0.9495,2.052001953125,-5.114990234375,2.492431640625,
0.95,3.453369140625,-5.395263671875,1.331298828125,
0.9505,4.053955078125,-5.155029296875,0.570556640625,
0.951,4.494384765625,-4.834716796875,-0.190185546875,
0.9515,4.614501953125,-4.314208984375,-0.910888671875,
0.952,4.574462890625,-3.393310546875,-1.711669921875,
0.9525,4.534423828125,-2.592529296875,-2.432373046875,
0.953,4.894775390625,-1.751708984375,-3.673583984375,
0.9535,4.174072265625,-0.630615234375,-4.073974609375,
0.954,4.013916015625,0.210205078125,-4.634521484375,
0.9545,2.852783203125,1.291259765625,-4.554443359375,
0.955,2.292236328125,2.052001953125,-4.714599609375,
0.9555,1.331298828125,3.173095703125,-4.834716796875,
0.956,0.490478515625,4.053955078125,-4.834716796875,
0.9565,-0.510498046875,4.334228515625,-4.194091796875,
0.957,-1.231201171875,4.774658203125,-3.953857421875,
0.9575,-2.392333984375,4.774658203125,-2.672607421875,
0.958,-3.072998046875,4.814697265625,-2.112060546875,
0.9585,-4.434326171875,5.094970703125,-1.031005859375,
0.959,-4.834716796875,4.614501953125,-0.150146484375,
0.9595,-5.195068359375,4.334228515625,0.530517578125,
0.96,-5.275146484375,3.493408203125,1.331298828125,
0.9605,-5.235107421875,2.652587890625,2.172119140625,
0.961,-5.155029296875,1.771728515625,2.932861328125,
0.9615,-5.435302734375,0.890869140625,4.093994140625,
0.962,-4.554443359375,-0.350341796875,4.414306640625,
0.9625,-4.434326171875,-1.031005859375,4.934814453125,
0.963,-3.153076171875,-2.272216796875,4.814697265625,
0.9635,-2.592529296875,-2.952880859375,4.934814453125,
0.964,-1.431396484375,-4.194091796875,4.934814453125,
0.9645,-0.510498046875,-4.994873046875,4.814697265625,
0.965,0.370361328125,-5.235107421875,4.134033203125,
0.9655,1.291259765625,-5.595458984375,3.693603515625,
0.966,2.532470703125,-5.555419921875,2.412353515625,
0.9665,3.173095703125,-5.515380859375,1.771728515625,
0.967,4.454345703125,-5.755615234375,0.690673828125,
0.9675,4.734619140625,-5.114990234375,-0.190185546875,
0.968,5.014892578125,-4.794677734375,-0.790771484375,
0.9685,5.014892578125,-3.753662109375,-1.791748046875,
0.969,4.974853515625,-2.912841796875,-2.592529296875,
0.9695,4.854736328125,-1.951904296875,-3.433349609375,
0.97,4.974853515625,-0.990966796875,-4.474365234375,
0.9705,3.973876953125,0.290283203125,-4.634521484375,
0.971,3.693603515625,0.970947265625,-5.074951171875,
0.9715,2.252197265625,2.332275390625,-4.954833984375,
0.972,1.771728515625,2.932861328125,-5.074951171875,
0.9725,0.650634765625,4.013916015625,-4.994873046875,
0.973,-0.310302734375,4.614501953125,-4.634521484375,
0.9735,-1.151123046875,4.814697265625,-3.993896484375,
0.974,-2.112060546875,5.094970703125,-3.273193359375,
0.9745,-3.273193359375,5.094970703125,-2.112060546875,
0.975,-3.953857421875,4.974853515625,-1.351318359375,
0.9755,-5.074951171875,5.094970703125,-0.430419921875,
0.976,-5.155029296875,4.294189453125,0.490478515625,
0.9765,-5.395263671875,3.973876953125,0.970947265625,
0.977,-5.315185546875,2.812744140625,2.092041015625,
0.9775,-5.315185546875,2.172119140625,2.732666015625,
0.978,-5.155029296875,1.091064453125,3.653564453125,
0.9785,-5.155029296875,0.170166015625,4.494384765625,
0.979,-4.154052734375,-0.990966796875,4.614501953125,
0.9795,-3.873779296875,-1.631591796875,4.934814453125,
0.98,-2.552490234375,-2.992919921875,4.854736328125,
0.9805,-1.991943359375,-3.593505859375,4.894775390625,
0.981,-0.830810546875,-4.634521484375,4.854736328125,
0.9815,0.050048828125,-5.074951171875,4.334228515625,
0.982,0.770751953125,-5.315185546875,3.853759765625,
0.9825,1.931884765625,-5.475341796875,2.932861328125,
0.983,2.972900390625,-5.635498046875,2.011962890625,
0.9835,3.693603515625,-5.435302734375,1.211181640625,
0.984,4.614501953125,-5.515380859375,0.370361328125,
0.9845,4.614501953125,-4.674560546875,-0.550537109375,
0.985,4.854736328125,-4.434326171875,-1.031005859375,
0.9855,4.814697265625,-3.153076171875,-2.232177734375,
0.986,4.854736328125,-2.552490234375,-2.832763671875,
0.9865,4.734619140625,-1.431396484375,-3.793701171875,
0.987,4.494384765625,-0.510498046875,-4.434326171875,
0.9875,3.533447265625,0.610595703125,-4.514404296875,
0.988,3.052978515625,1.291259765625,-4.834716796875,
0.9885,1.891845703125,2.532470703125,-4.834716796875,
0.989,1.291259765625,3.093017578125,-4.834716796875,
0.9895,0.290283203125,4.134033203125,-4.754638671875,
0.99,-0.630615234375,4.374267578125,-4.073974609375,
0.9905,-1.271240234375,4.654541015625,-3.713623046875,
0.991,-2.432373046875,4.694580078125,-2.592529296875,
0.9915,-3.353271484375,4.854736328125,-1.871826171875,
0.992,-4.073974609375,4.654541015625,-0.990966796875,
0.9925,-4.754638671875,4.654541015625,-0.310302734375,
0.993,-4.794677734375,3.813720703125,0.570556640625,
0.9935,-4.914794921875,3.533447265625,0.970947265625,
0.994,-4.914794921875,2.372314453125,2.132080078125,
0.9945,-4.994873046875,1.851806640625,2.652587890625,
0.995,-4.914794921875,0.810791015625,3.613525390625,
0.9955,-4.434326171875,-0.110107421875,4.013916015625,
0.996,-3.833740234375,-1.031005859375,4.294189453125,
0.9965,-3.193115234375,-1.791748046875,4.334228515625,
0.997,-2.392333984375,-2.872802734375,4.534423828125,
0.9975,-1.671630859375,-3.433349609375,4.494384765625,
0.998,-0.830810546875,-4.354248046875,4.494384765625,
0.9985,0.050048828125,-4.514404296875,3.813720703125,
0.999,0.650634765625,-4.834716796875,3.533447265625,
0.9995,1.931884765625,-4.914794921875,2.412353515625,